0.9 -0.049377075338051725
0.901010101010101 -0.048294174269911734
0.902020202020202 -0.04728696249641602
0.9030303030303031 -0.046448337666372234
0.9040404040404041 -0.04543264430950471
0.9050505050505051 -0.04441666008103451
0.9060606060606061 -0.0434576302453849
0.9070707070707071 -0.0425385502636888
0.9080808080808082 -0.04155985179789326
0.9090909090909091 -0.04059726198674738
0.9101010101010101 -0.0396425949179845
0.9111111111111111 -0.038689027879413196
0.9121212121212121 -0.03773878111294941
0.9131313131313131 -0.036786461077319386
0.9141414141414141 -0.03582648715624754
0.9151515151515152 -0.03487896842679632
0.9161616161616162 -0.03399315905086406
0.9171717171717172 -0.03304449880809219
0.9181818181818182 -0.03207112480198782
0.9191919191919192 -0.03107859789164901
0.9202020202020202 -0.03013111254572217
0.9212121212121213 -0.029263161364441286
0.9222222222222223 -0.028370956952529145
0.9232323232323233 -0.02744581204285193
0.9242424242424243 -0.026485705901660446
0.9252525252525252 -0.025574737415449224
0.9262626262626262 -0.02469726076183144
0.9272727272727272 -0.023782820195818816
0.9282828282828283 -0.022838084379580615
0.9292929292929293 -0.02186901737868836
0.9303030303030303 -0.02096800337496671
0.9313131313131313 -0.020102624560907285
0.9323232323232323 -0.01920899152942655
0.9333333333333333 -0.018285274380863945
0.9343434343434344 -0.01733422759379282
0.9353535353535354 -0.01643470630099259
0.9363636363636364 -0.015563872384474
0.9373737373737374 -0.014658832617080604
0.9383838383838384 -0.013724726570763335
0.9393939393939394 -0.012768862312792693
0.9404040404040405 -0.011856989357498827
0.9414141414141415 -0.011011592394752445
0.9424242424242424 -0.010157446311504153
0.9434343434343434 -0.009291054263718337
0.9444444444444444 -0.008397989969554131
0.9454545454545454 -0.007456557650099149
0.9464646464646465 -0.006573455098522245
0.9474747474747475 -0.005708877667458083
0.9484848484848485 -0.004841090411536406
0.9494949494949495 -0.0039805712251299195
0.9505050505050505 -0.0030858277042048196
0.9515151515151515 -0.002166601412491097
0.9525252525252526 -0.0013136122466794566
0.9535353535353536 -0.00047594369175528944
0.9545454545454546 -2.5359132603527833e-06
0.9555555555555556 4.119826617855129e-05
0.9565656565656566 -1.608164438744171e-05
0.9575757575757576 3.253083786506351e-06
0.9585858585858587 -4.755190205631589e-05
0.9595959595959596 -2.5516428665989045e-06
0.9606060606060606 5.334821785381541e-05
0.9616161616161616 3.0865918992296795e-05
0.9626262626262626 -2.0465613971200905e-05
0.9636363636363636 -0.00011984683527799623
0.9646464646464646 -5.520871587528172e-06
0.9656565656565657 -0.019083902982674872
0.9666666666666667 -0.0001898822842111256
0.9676767676767677 1.3405899274155109e-05
0.9686868686868687 1.3451225828065712e-05
0.9696969696969697 -2.9364482157038232e-05
0.9707070707070707 7.990500377410974e-06
0.9717171717171718 -3.768686239078657e-05
0.9727272727272728 -9.293384492984869e-05
0.9737373737373738 9.454785432976263e-06
0.9747474747474747 1.2785528687956153e-05
0.9757575757575758 -4.012671650453466e-05
0.9767676767676767 -1.012504746113442e-05
0.9777777777777777 -3.959677364058839e-05
0.9787878787878788 6.122989582386014e-05
0.9797979797979798 -1.9794085709720253e-05
0.9808080808080808 -7.309644714729871e-06
0.9818181818181818 3.515709734737225e-05
0.9828282828282828 -1.934972804800129e-05
0.9838383838383838 1.558511064306513e-06
0.9848484848484849 3.7580240212506844e-05
0.9858585858585859 4.262117056836597e-05
0.9868686868686869 2.9941259454758253e-06
0.9878787878787879 -0.00017695381116217038
0.9888888888888889 -2.7954269204952374e-05
0.98989898989899 4.154491111659084e-05
0.990909090909091 0.00010666584418226886
0.9919191919191919 -1.5555939606616355e-06
0.9929292929292929 5.278177002622871e-05
0.9939393939393939 -0.018744270868837395
0.9949494949494949 -0.0001448821408907383
0.9959595959595959 -4.131461583489412e-05
0.996969696969697 9.32331597641852e-05
0.997979797979798 3.6702215498099944e-05
0.998989898989899 5.0914544135706234e-05
1.0 -0.0674454201348537
