6000 4 0 
0 0 4 
27 0 4 
19 19 4 
21 14 23 
108 15 36 
53 79 49 
125 39 114 
68 91 138 
131 50 190 
53 96 213 
124 39 253 
44 91 267 
107 32 297 
43 78 306 
87 31 328 
45 64 336 
71 33 351 
47 52 358 
60 35 370 
48 44 377 
53 35 385 
47 39 392 
49 35 399 
46 36 404 
46 34 410 
44 34 416 
43 32 421 
42 32 426 
42 31 430 
41 30 434 
40 30 438 
39 29 442 
39 29 446 
38 28 449 
37 28 453 
37 27 456 
36 27 459 
36 27 462 
35 26 465 
35 26 467 
34 25 470 
34 25 472 
33 25 475 
33 25 477 
33 24 479 
32 24 481 
32 24 484 
32 23 485 
31 23 487 
31 23 489 
31 23 491 
31 23 493 
30 22 494 
30 22 496 
30 22 498 
30 22 499 
29 22 501 
29 21 502 
29 21 503 
29 21 505 
28 21 506 
28 21 507 
28 21 509 
28 21 510 
28 20 511 
28 20 512 
27 20 513 
27 20 514 
27 20 515 
27 20 516 
27 20 517 
27 20 518 
27 20 519 
26 19 520 
26 19 521 
26 19 522 
26 19 522 
26 19 523 
26 19 524 
26 19 525 
26 19 526 
26 19 526 
25 19 527 
25 19 528 
25 19 528 
25 18 529 
25 18 530 
25 18 530 
25 18 531 
25 18 531 
25 18 532 
25 18 533 
25 18 533 
24 18 534 
24 18 534 
24 18 535 
24 18 535 
24 18 536 
24 18 536 
24 18 537 
24 18 537 
24 18 538 
24 18 538 
24 18 538 
24 17 539 
24 17 539 
24 17 540 
24 17 540 
24 17 540 
24 17 541 
23 17 541 
23 17 542 
23 17 542 
23 17 542 
23 17 543 
23 17 543 
23 17 543 
23 17 544 
23 17 544 
23 17 544 
23 17 544 
23 17 545 
23 17 545 
23 17 545 
23 17 546 
23 17 546 
23 17 546 
23 17 546 
23 17 547 
23 17 547 
23 17 547 
23 17 547 
23 17 547 
23 17 548 
23 17 548 
23 17 548 
23 17 548 
23 17 548 
22 17 549 
22 16 549 
22 16 549 
22 16 549 
22 16 549 
22 16 550 
22 16 550 
22 16 550 
22 16 550 
22 16 550 
22 16 550 
22 16 551 
22 16 551 
22 16 551 
22 16 551 
22 16 551 
22 16 551 
22 16 551 
22 16 552 
22 16 552 
22 16 552 
22 16 552 
22 16 552 
22 16 552 
22 16 552 
22 16 552 
22 16 553 
22 16 553 
22 16 553 
22 16 553 
22 16 553 
22 16 553 
22 16 553 
22 16 553 
22 16 553 
22 16 553 
22 16 554 
22 16 554 
22 16 554 
22 16 554 
22 16 554 
22 16 554 
22 16 554 
22 16 554 
22 16 554 
22 16 554 
22 16 554 
22 16 554 
22 16 555 
22 16 555 
22 16 555 
22 16 555 
22 16 555 
22 16 555 
22 16 555 
22 16 555 
22 16 555 
22 16 555 
22 16 555 
22 16 555 
22 16 555 
22 16 555 
22 16 555 
22 16 555 
22 16 556 
22 16 556 
22 16 556 
22 16 556 
22 16 556 
22 16 556 
22 16 556 
22 16 556 
22 16 556 
22 16 556 
22 16 556 
22 16 556 
22 16 556 
22 16 556 
22 16 556 
22 16 556 
22 16 556 
22 16 556 
22 16 556 
22 16 556 
22 16 556 
22 16 556 
21 16 556 
21 16 556 
21 16 557 
21 16 557 
21 16 557 
21 16 557 
21 16 557 
21 16 557 
21 16 557 
21 16 557 
21 16 557 
21 16 557 
21 16 557 
21 16 557 
21 16 557 
21 16 557 
21 16 557 
21 16 557 
21 16 557 
21 16 557 
21 16 557 
21 16 557 
21 16 557 
21 16 557 
21 16 557 
21 16 557 
21 16 557 
21 16 557 
21 16 557 
21 16 557 
21 16 557 
21 16 557 
21 16 557 
21 16 557 
21 16 557 
21 16 557 
21 16 557 
21 16 557 
21 16 557 
21 16 557 
21 16 557 
21 16 557 
21 16 557 
21 16 557 
21 16 557 
21 16 557 
21 16 557 
21 16 557 
21 16 557 
21 16 557 
21 16 557 
21 16 557 
21 16 558 
21 16 558 
21 16 558 
21 16 558 
21 16 558 
21 16 558 
21 16 558 
21 16 558 
21 16 558 
21 16 558 
21 16 558 
21 16 558 
21 16 558 
21 16 558 
21 16 558 
21 16 558 
21 16 558 
21 16 558 
21 16 558 
21 16 558 
21 16 558 
21 16 558 
21 16 558 
21 16 558 
21 16 558 
21 16 558 
21 16 558 
21 16 558 
21 16 558 
21 16 558 
21 16 558 
21 16 558 
21 16 558 
21 16 558 
21 16 558 
21 16 558 
21 16 558 
21 16 558 
21 16 558 
21 16 558 
21 16 558 
21 16 558 
21 16 558 
21 16 558 
21 16 558 
21 16 558 
21 16 558 
21 16 558 
21 16 558 
21 16 558 
21 16 558 
21 16 558 
21 16 558 
21 16 558 
21 16 558 
21 16 558 
21 16 558 
21 16 558 
21 16 558 
21 16 558 
21 16 558 
21 16 558 
21 16 558 
21 16 558 
21 16 558 
21 16 558 
21 16 558 
21 16 558 
21 16 558 
21 16 558 
21 16 558 
21 16 558 
21 16 558 
21 16 558 
21 16 558 
21 16 558 
21 16 558 
21 16 558 
21 16 558 
21 16 558 
21 16 558 
21 16 558 
21 16 558 
21 16 558 
21 16 558 
21 16 558 
21 16 558 
21 16 558 
21 16 558 
21 16 558 
21 16 558 
21 16 558 
21 16 558 
21 16 558 
21 16 558 
21 16 558 
21 16 558 
21 16 558 
21 16 558 
21 16 558 
21 16 558 
21 16 558 
21 16 558 
21 16 558 
21 16 558 
21 16 558 
21 16 558 
21 16 558 
21 16 558 
21 16 558 
21 16 558 
21 16 558 
21 16 558 
21 16 558 
21 16 558 
21 16 558 
21 16 558 
21 16 558 
21 16 558 
21 16 558 
21 16 558 
21 16 558 
21 16 558 
21 16 558 
21 16 558 
21 16 558 
21 16 558 
21 16 558 
21 16 558 
21 16 558 
21 16 558 
21 16 558 
21 16 558 
21 16 558 
21 16 558 
21 16 558 
21 16 558 
21 16 558 
21 16 558 
21 16 558 
21 16 558 
21 16 558 
21 16 558 
21 16 558 
21 16 558 
21 16 558 
21 16 558 
21 16 558 
21 16 558 
21 16 558 
21 16 558 
21 16 558 
21 16 558 
21 16 558 
21 16 558 
21 16 558 
21 16 558 
21 16 558 
21 16 558 
21 16 558 
21 16 558 
21 16 558 
21 16 558 
21 16 558 
21 16 558 
21 16 558 
21 16 558 
21 16 558 
21 16 558 
21 16 558 
21 16 558 
21 16 558 
21 16 558 
21 16 558 
21 16 558 
21 16 558 
21 16 558 
21 16 558 
21 16 558 
21 16 558 
21 16 558 
21 16 558 
21 16 558 
21 16 558 
21 16 558 
21 16 558 
21 16 558 
21 16 558 
21 16 558 
21 16 558 
21 16 558 
21 16 558 
21 16 558 
21 16 558 
21 16 558 
21 16 558 
21 16 558 
21 16 558 
21 16 558 
21 16 558 
21 16 558 
21 16 558 
21 16 558 
21 16 558 
21 16 558 
21 16 558 
21 16 558 
21 16 558 
21 16 558 
21 16 558 
21 16 558 
21 16 558 
21 16 558 
21 16 558 
21 16 558 
21 16 558 
21 16 558 
21 16 558 
21 16 558 
21 16 558 
21 16 558 
21 16 558 
21 16 558 
21 16 558 
21 16 558 
21 16 558 
21 16 558 
21 16 558 
21 16 558 
21 16 558 
21 16 558 
21 16 558 
21 16 558 
21 16 558 
21 16 558 
21 16 558 
21 16 558 
21 16 558 
21 16 558 
21 16 558 
21 16 558 
21 16 558 
21 16 558 
21 16 558 
21 16 558 
21 16 558 
21 16 558 
21 16 558 
21 16 558 
21 16 558 
21 16 558 
21 16 558 
21 16 558 
21 16 558 
21 16 558 
21 16 558 
21 16 558 
21 16 558 
21 16 558 
21 16 558 
21 16 558 
21 16 558 
21 16 558 
21 16 558 
21 16 558 
21 16 558 
21 16 558 
21 16 558 
21 16 558 
21 16 558 
21 16 558 
21 16 558 
21 16 558 
21 16 558 
21 16 558 
21 16 558 
21 16 558 
21 16 558 
21 16 558 
21 16 558 
21 16 558 
21 16 558 
21 16 558 
21 16 558 
21 16 558 
21 16 558 
21 16 558 
21 16 558 
21 16 558 
21 16 558 
21 16 558 
21 16 558 
21 16 558 
21 16 558 
21 16 558 
21 16 558 
21 16 558 
21 16 558 
21 16 558 
21 16 558 
21 16 558 
21 16 558 
21 16 558 
21 16 558 
21 16 558 
21 16 558 
21 16 558 
21 16 558 
21 16 558 
21 16 558 
21 16 558 
21 16 558 
21 16 558 
21 16 558 
21 16 558 
21 16 558 
21 16 558 
21 16 558 
21 16 558 
21 16 558 
21 16 558 
21 16 558 
0 4 0 
0 0 4 
27 0 4 
19 19 4 
21 14 23 
108 15 36 
53 79 49 
125 39 114 
68 91 138 
131 50 190 
53 96 213 
124 39 253 
44 91 267 
107 32 297 
43 78 306 
87 31 328 
45 64 336 
72 33 351 
47 52 358 
61 35 370 
48 44 376 
53 35 385 
47 39 391 
49 35 398 
46 36 404 
46 34 410 
44 34 415 
44 32 420 
42 32 425 
42 31 430 
41 31 434 
40 30 438 
39 29 442 
39 29 446 
38 28 449 
37 28 452 
37 27 456 
36 27 459 
36 27 461 
35 26 464 
35 26 467 
34 26 469 
34 25 472 
34 25 474 
33 25 477 
33 24 479 
32 24 481 
32 24 483 
32 24 485 
32 23 487 
31 23 489 
31 23 490 
31 23 492 
30 22 494 
30 22 495 
30 22 497 
30 22 498 
29 22 500 
29 22 501 
29 21 503 
29 21 504 
29 21 505 
28 21 506 
28 21 508 
28 21 509 
28 21 510 
28 20 511 
28 20 512 
27 20 513 
27 20 514 
27 20 515 
27 20 516 
27 20 517 
27 20 518 
27 20 519 
26 19 520 
26 19 521 
26 19 521 
26 19 522 
26 19 523 
26 19 524 
26 19 525 
26 19 525 
26 19 526 
25 19 527 
25 19 527 
25 19 528 
25 19 529 
25 18 529 
25 18 530 
25 18 530 
25 18 531 
25 18 531 
25 18 532 
25 18 533 
25 18 533 
24 18 534 
24 18 534 
24 18 535 
24 18 535 
24 18 535 
24 18 536 
24 18 536 
24 18 537 
24 18 537 
24 18 538 
24 18 538 
24 18 538 
24 17 539 
24 17 539 
24 17 539 
24 17 540 
24 17 540 
24 17 541 
24 17 541 
23 17 541 
23 17 541 
23 17 542 
23 17 542 
23 17 542 
23 17 543 
23 17 543 
23 17 543 
23 17 544 
23 17 544 
23 17 544 
23 17 544 
23 17 545 
23 17 545 
23 17 545 
23 17 545 
23 17 545 
23 17 546 
23 17 546 
23 17 546 
23 17 546 
23 17 547 
23 17 547 
23 17 547 
23 17 547 
23 17 547 
23 17 547 
23 17 548 
23 17 548 
23 17 548 
23 17 548 
23 17 548 
23 17 548 
22 16 549 
22 16 549 
22 16 549 
22 16 549 
22 16 549 
22 16 549 
22 16 550 
22 16 550 
22 16 550 
22 16 550 
22 16 550 
22 16 550 
22 16 550 
22 16 550 
22 16 551 
22 16 551 
22 16 551 
22 16 551 
22 16 551 
22 16 551 
22 16 551 
22 16 551 
22 16 551 
22 16 551 
22 16 552 
22 16 552 
22 16 552 
22 16 552 
22 16 552 
22 16 552 
22 16 552 
22 16 552 
22 16 552 
22 16 552 
22 16 552 
22 16 552 
22 16 553 
22 16 553 
22 16 553 
22 16 553 
22 16 553 
22 16 553 
22 16 553 
22 16 553 
22 16 553 
22 16 553 
22 16 553 
22 16 553 
22 16 553 
22 16 553 
22 16 553 
22 16 553 
22 16 554 
22 16 554 
22 16 554 
22 16 554 
22 16 554 
22 16 554 
22 16 554 
22 16 554 
22 16 554 
22 16 554 
22 16 554 
22 16 554 
22 16 554 
22 16 554 
22 16 554 
22 16 554 
22 16 554 
22 16 554 
22 16 554 
22 16 554 
22 16 554 
22 16 554 
22 16 554 
22 16 554 
22 16 554 
22 16 555 
22 16 555 
22 16 555 
22 16 555 
22 16 555 
22 16 555 
22 16 555 
22 16 555 
22 16 555 
22 16 555 
22 16 555 
22 16 555 
22 16 555 
22 16 555 
22 16 555 
22 16 555 
22 16 555 
22 16 555 
22 16 555 
22 16 555 
22 16 555 
22 16 555 
22 16 555 
22 16 555 
22 16 555 
22 16 555 
22 16 555 
22 16 555 
22 16 555 
22 16 555 
22 16 555 
22 16 555 
22 16 555 
22 16 555 
22 16 555 
22 16 555 
22 16 555 
22 16 555 
22 16 555 
22 16 555 
22 16 555 
22 16 555 
22 16 555 
22 16 555 
22 16 555 
22 16 555 
22 16 555 
22 16 555 
22 16 555 
22 16 555 
22 16 556 
22 16 556 
22 16 556 
22 16 556 
22 16 556 
22 16 556 
22 16 556 
22 16 556 
22 16 556 
22 16 556 
22 16 556 
22 16 556 
22 16 556 
22 16 556 
22 16 556 
22 16 556 
22 16 556 
22 16 556 
22 16 556 
22 16 556 
22 16 556 
22 16 556 
22 16 556 
22 16 556 
22 16 556 
22 16 556 
22 16 556 
22 16 556 
22 16 556 
22 16 556 
22 16 556 
22 16 556 
22 16 556 
22 16 556 
22 16 556 
22 16 556 
22 16 556 
22 16 556 
22 16 556 
22 16 556 
22 16 556 
22 16 556 
22 16 556 
22 16 556 
22 16 556 
22 16 556 
22 16 556 
22 16 556 
22 16 556 
22 16 556 
22 16 556 
22 16 556 
22 16 556 
22 16 556 
22 16 556 
22 16 556 
22 16 556 
22 16 556 
22 16 556 
22 16 556 
22 16 556 
22 16 556 
22 16 556 
22 16 556 
22 16 556 
22 16 556 
22 16 556 
22 16 556 
22 16 556 
22 16 556 
22 16 556 
22 16 556 
22 16 556 
22 16 556 
22 16 556 
22 16 556 
22 16 556 
22 16 556 
22 16 556 
22 16 556 
22 16 556 
22 16 556 
22 16 556 
22 16 556 
22 16 556 
22 16 556 
22 16 556 
22 16 556 
22 16 556 
22 16 556 
22 16 556 
22 16 556 
22 16 556 
22 16 556 
22 16 556 
22 16 556 
22 16 556 
22 16 556 
22 16 556 
22 16 556 
22 16 556 
22 16 556 
22 16 556 
22 16 556 
22 16 556 
22 16 556 
22 16 556 
22 16 556 
22 16 556 
22 16 556 
22 16 556 
22 16 556 
22 16 556 
22 16 556 
22 16 556 
22 16 556 
22 16 556 
22 16 556 
22 16 556 
22 16 556 
22 16 556 
22 16 556 
22 16 556 
22 16 556 
22 16 556 
22 16 556 
22 16 556 
22 16 556 
22 16 556 
22 16 556 
22 16 556 
22 16 556 
22 16 556 
22 16 556 
22 16 556 
22 16 556 
22 16 556 
22 16 556 
22 16 556 
22 16 556 
22 16 556 
22 16 556 
22 16 556 
22 16 556 
22 16 556 
22 16 556 
22 16 556 
22 16 556 
22 16 556 
22 16 556 
22 16 556 
22 16 556 
22 16 556 
22 16 556 
22 16 556 
22 16 556 
22 16 556 
22 16 556 
22 16 556 
22 16 556 
22 16 556 
22 16 556 
22 16 556 
22 16 556 
22 16 556 
22 16 556 
22 16 556 
22 16 556 
22 16 556 
22 16 556 
22 16 556 
22 16 556 
22 16 556 
22 16 556 
22 16 556 
22 16 556 
22 16 556 
22 16 556 
22 16 556 
22 16 556 
22 16 556 
22 16 556 
22 16 556 
22 16 556 
22 16 556 
22 16 556 
22 16 556 
22 16 556 
22 16 556 
22 16 556 
22 16 556 
22 16 556 
22 16 556 
22 16 556 
22 16 556 
22 16 556 
22 16 556 
22 16 556 
22 16 556 
22 16 556 
22 16 556 
22 16 556 
22 16 556 
22 16 556 
22 16 556 
22 16 556 
22 16 556 
22 16 556 
22 16 556 
22 16 556 
22 16 556 
22 16 556 
22 16 556 
22 16 556 
22 16 556 
22 16 556 
22 16 556 
22 16 556 
22 16 556 
22 16 556 
22 16 556 
22 16 556 
22 16 556 
22 16 556 
22 16 556 
22 16 556 
22 16 556 
22 16 556 
22 16 556 
22 16 556 
22 16 556 
22 16 556 
22 16 556 
22 16 556 
22 16 556 
22 16 556 
22 16 556 
22 16 556 
22 16 556 
22 16 556 
22 16 556 
22 16 556 
22 16 556 
22 16 556 
22 16 556 
22 16 556 
22 16 556 
22 16 556 
22 16 556 
22 16 556 
22 16 556 
22 16 556 
22 16 556 
22 16 556 
22 16 556 
22 16 556 
22 16 556 
22 16 556 
22 16 556 
22 16 556 
22 16 556 
22 16 556 
22 16 556 
22 16 556 
22 16 556 
22 16 556 
22 16 556 
22 16 556 
22 16 556 
22 16 556 
22 16 556 
22 16 556 
22 16 556 
22 16 556 
22 16 556 
22 16 556 
22 16 556 
22 16 556 
22 16 556 
22 16 556 
22 16 556 
22 16 556 
22 16 556 
22 16 556 
22 16 556 
22 16 556 
22 16 556 
22 16 556 
22 16 556 
22 16 556 
22 16 556 
22 16 556 
22 16 556 
22 16 556 
22 16 556 
22 16 556 
22 16 556 
22 16 556 
22 16 556 
22 16 556 
22 16 556 
22 16 556 
22 16 556 
22 16 556 
22 16 556 
22 16 556 
22 16 556 
22 16 556 
22 16 556 
22 16 556 
22 16 556 
22 16 556 
22 16 556 
22 16 556 
22 16 556 
22 16 556 
22 16 556 
22 16 556 
22 16 556 
22 16 556 
22 16 556 
22 16 556 
22 16 556 
22 16 556 
0 4 0 
0 0 4 
27 0 4 
19 19 4 
21 14 23 
108 15 36 
53 79 49 
125 39 114 
68 91 138 
131 50 190 
53 96 213 
124 39 253 
44 91 267 
107 32 297 
43 78 306 
87 31 328 
45 64 335 
72 33 351 
47 52 358 
61 35 369 
48 44 376 
54 35 385 
47 39 391 
49 35 398 
46 36 404 
46 34 410 
44 34 415 
44 32 420 
42 32 425 
42 31 429 
41 31 434 
40 30 438 
39 29 442 
39 29 445 
38 28 449 
37 28 452 
37 27 455 
36 27 458 
36 27 461 
35 26 464 
35 26 466 
34 26 469 
34 25 471 
34 25 474 
33 25 476 
33 24 478 
33 24 480 
32 24 482 
32 24 484 
32 23 486 
31 23 488 
31 23 490 
31 23 491 
30 23 493 
30 22 495 
30 22 496 
30 22 498 
30 22 499 
29 22 501 
29 21 502 
29 21 503 
29 21 504 
29 21 506 
28 21 507 
28 21 508 
28 21 509 
28 21 510 
28 20 511 
28 20 512 
27 20 513 
27 20 514 
27 20 515 
27 20 516 
27 20 517 
27 20 518 
27 20 519 
26 19 520 
26 19 520 
26 19 521 
26 19 522 
26 19 523 
26 19 523 
26 19 524 
26 19 525 
26 19 526 
26 19 526 
25 19 527 
25 19 527 
25 19 528 
25 19 529 
25 18 529 
25 18 530 
25 18 530 
25 18 531 
25 18 531 
25 18 532 
25 18 532 
25 18 533 
25 18 533 
24 18 534 
24 18 534 
24 18 535 
24 18 535 
24 18 535 
24 18 536 
24 18 536 
24 18 537 
24 18 537 
24 18 537 
24 18 538 
24 18 538 
24 17 538 
24 17 539 
24 17 539 
24 17 539 
24 17 540 
24 17 540 
24 17 540 
24 17 541 
23 17 541 
23 17 541 
23 17 542 
23 17 542 
23 17 542 
23 17 542 
23 17 543 
23 17 543 
23 17 543 
23 17 543 
23 17 544 
23 17 544 
23 17 544 
23 17 544 
23 17 544 
23 17 545 
23 17 545 
23 17 545 
23 17 545 
23 17 545 
23 17 546 
23 17 546 
23 17 546 
23 17 546 
23 17 546 
23 17 546 
23 17 547 
23 17 547 
23 17 547 
23 17 547 
23 17 547 
23 17 547 
23 17 547 
23 17 548 
23 17 548 
23 17 548 
23 17 548 
23 17 548 
23 17 548 
23 17 548 
23 17 548 
22 16 549 
22 16 549 
22 16 549 
22 16 549 
22 16 549 
22 16 549 
22 16 549 
22 16 549 
22 16 549 
22 16 550 
22 16 550 
22 16 550 
22 16 550 
22 16 550 
22 16 550 
22 16 550 
22 16 550 
22 16 550 
22 16 550 
22 16 550 
22 16 550 
22 16 551 
22 16 551 
22 16 551 
22 16 551 
22 16 551 
22 16 551 
22 16 551 
22 16 551 
22 16 551 
22 16 551 
22 16 551 
22 16 551 
22 16 551 
22 16 551 
22 16 551 
22 16 551 
22 16 552 
22 16 552 
22 16 552 
22 16 552 
22 16 552 
22 16 552 
22 16 552 
22 16 552 
22 16 552 
22 16 552 
22 16 552 
22 16 552 
22 16 552 
22 16 552 
22 16 552 
22 16 552 
22 16 552 
22 16 552 
22 16 552 
22 16 552 
22 16 552 
22 16 552 
22 16 552 
22 16 553 
22 16 553 
22 16 553 
22 16 553 
22 16 553 
22 16 553 
22 16 553 
22 16 553 
22 16 553 
22 16 553 
22 16 553 
22 16 553 
22 16 553 
22 16 553 
22 16 553 
22 16 553 
22 16 553 
22 16 553 
22 16 553 
22 16 553 
22 16 553 
22 16 553 
22 16 553 
22 16 553 
22 16 553 
22 16 553 
22 16 553 
22 16 553 
22 16 553 
22 16 553 
22 16 553 
22 16 553 
22 16 553 
22 16 553 
22 16 553 
22 16 553 
22 16 553 
22 16 553 
22 16 553 
22 16 553 
22 16 553 
22 16 553 
22 16 553 
22 16 553 
22 16 553 
22 16 553 
22 16 553 
22 16 553 
22 16 553 
22 16 553 
22 16 554 
22 16 554 
22 16 554 
22 16 554 
22 16 554 
22 16 554 
22 16 554 
22 16 554 
22 16 554 
22 16 554 
22 16 554 
22 16 554 
22 16 554 
22 16 554 
22 16 554 
22 16 554 
22 16 554 
22 16 554 
22 16 554 
22 16 554 
22 16 554 
22 16 554 
22 16 554 
22 16 554 
22 16 554 
22 16 554 
22 16 554 
22 16 554 
22 16 554 
22 16 554 
22 16 554 
22 16 554 
22 16 554 
22 16 554 
22 16 554 
22 16 554 
22 16 554 
22 16 554 
22 16 554 
22 16 554 
22 16 554 
22 16 554 
22 16 554 
22 16 554 
22 16 554 
22 16 554 
22 16 554 
22 16 554 
22 16 554 
22 16 554 
22 16 554 
22 16 554 
22 16 554 
22 16 554 
22 16 554 
22 16 554 
22 16 554 
22 16 554 
22 16 554 
22 16 554 
22 16 554 
22 16 554 
22 16 554 
22 16 554 
22 16 554 
22 16 554 
22 16 554 
22 16 554 
22 16 554 
22 16 554 
22 16 554 
22 16 554 
22 16 554 
22 16 554 
22 16 554 
22 16 554 
22 16 554 
22 16 554 
22 16 554 
22 16 554 
22 16 554 
22 16 554 
22 16 554 
22 16 554 
22 16 554 
22 16 554 
22 16 554 
22 16 554 
22 16 554 
22 16 554 
22 16 554 
22 16 554 
22 16 554 
22 16 554 
22 16 554 
22 16 554 
22 16 554 
22 16 554 
22 16 554 
22 16 554 
22 16 554 
22 16 554 
22 16 554 
22 16 554 
22 16 554 
22 16 554 
22 16 554 
22 16 554 
22 16 554 
22 16 554 
22 16 554 
22 16 554 
22 16 554 
22 16 554 
22 16 554 
22 16 554 
22 16 554 
22 16 554 
22 16 554 
22 16 554 
22 16 554 
22 16 554 
22 16 554 
22 16 554 
22 16 554 
22 16 554 
22 16 554 
22 16 554 
22 16 554 
22 16 554 
22 16 554 
22 16 554 
22 16 554 
22 16 554 
22 16 554 
22 16 554 
22 16 554 
22 16 554 
22 16 554 
22 16 554 
22 16 554 
22 16 554 
22 16 554 
22 16 554 
22 16 554 
22 16 554 
22 16 554 
22 16 554 
22 16 554 
22 16 554 
22 16 554 
22 16 554 
22 16 554 
22 16 554 
22 16 554 
22 16 554 
22 16 554 
22 16 554 
22 16 554 
22 16 554 
22 16 554 
22 16 554 
22 16 554 
22 16 554 
22 16 554 
22 16 554 
22 16 554 
22 16 554 
22 16 554 
22 16 554 
22 16 554 
22 16 554 
22 16 554 
22 16 554 
22 16 554 
22 16 554 
22 16 554 
22 16 554 
22 16 554 
22 16 554 
22 16 554 
22 16 554 
22 16 554 
22 16 554 
22 16 554 
22 16 554 
22 16 554 
22 16 554 
22 16 554 
22 16 554 
22 16 554 
22 16 554 
22 16 554 
22 16 554 
22 16 554 
22 16 554 
22 16 554 
22 16 554 
22 16 554 
22 16 554 
22 16 554 
22 16 554 
22 16 554 
22 16 554 
22 16 554 
22 16 554 
22 16 554 
22 16 554 
22 16 554 
22 16 554 
22 16 554 
22 16 554 
22 16 554 
22 16 554 
22 16 554 
22 16 554 
22 16 554 
22 16 554 
22 16 554 
22 16 554 
22 16 554 
22 16 554 
22 16 554 
22 16 554 
22 16 554 
22 16 554 
22 16 554 
22 16 554 
22 16 554 
22 16 554 
22 16 554 
22 16 554 
22 16 554 
22 16 554 
22 16 554 
22 16 554 
22 16 554 
22 16 554 
22 16 554 
22 16 554 
22 16 554 
22 16 554 
22 16 554 
22 16 554 
22 16 554 
22 16 554 
22 16 554 
22 16 554 
22 16 554 
22 16 554 
22 16 554 
22 16 554 
22 16 554 
22 16 554 
22 16 554 
22 16 554 
22 16 554 
22 16 554 
22 16 554 
22 16 554 
22 16 554 
22 16 554 
22 16 554 
22 16 554 
22 16 554 
22 16 554 
22 16 554 
22 16 554 
22 16 554 
22 16 554 
22 16 554 
22 16 554 
22 16 554 
22 16 554 
22 16 554 
22 16 554 
22 16 554 
22 16 554 
22 16 554 
22 16 554 
22 16 554 
22 16 554 
22 16 554 
22 16 554 
22 16 554 
22 16 554 
22 16 554 
22 16 554 
22 16 554 
22 16 554 
22 16 554 
22 16 554 
22 16 554 
22 16 554 
22 16 554 
22 16 554 
22 16 554 
22 16 554 
22 16 554 
22 16 554 
22 16 554 
22 16 554 
22 16 554 
22 16 554 
22 16 554 
22 16 554 
22 16 554 
22 16 554 
22 16 554 
22 16 554 
22 16 554 
22 16 554 
22 16 554 
22 16 554 
22 16 554 
22 16 554 
22 16 554 
22 16 554 
22 16 554 
22 16 554 
22 16 554 
22 16 554 
22 16 554 
22 16 554 
22 16 554 
22 16 554 
22 16 554 
22 16 554 
22 16 554 
0 4 0 
0 0 4 
27 0 4 
19 19 4 
21 14 23 
108 15 36 
53 79 49 
125 39 114 
68 91 138 
131 50 190 
53 96 213 
124 39 253 
44 91 267 
107 32 297 
43 78 306 
87 31 328 
45 64 335 
72 33 351 
47 52 358 
61 35 369 
48 44 376 
54 35 385 
47 39 391 
49 35 398 
46 36 404 
46 34 410 
44 34 415 
44 32 420 
42 32 425 
42 31 429 
41 31 433 
40 30 437 
39 29 441 
39 29 445 
38 28 448 
38 28 452 
37 28 455 
36 27 458 
36 27 461 
35 26 463 
35 26 466 
35 26 468 
34 25 471 
34 25 473 
33 25 475 
33 24 478 
33 24 480 
32 24 482 
32 24 484 
32 23 486 
31 23 487 
31 23 489 
31 23 491 
31 23 492 
30 22 494 
30 22 496 
30 22 497 
30 22 498 
29 22 500 
29 22 501 
29 21 502 
29 21 504 
29 21 505 
28 21 506 
28 21 507 
28 21 508 
28 21 509 
28 20 510 
28 20 511 
28 20 512 
27 20 513 
27 20 514 
27 20 515 
27 20 516 
27 20 517 
27 20 518 
27 20 519 
26 19 519 
26 19 520 
26 19 521 
26 19 522 
26 19 522 
26 19 523 
26 19 524 
26 19 524 
26 19 525 
26 19 526 
25 19 526 
25 19 527 
25 19 527 
25 19 528 
25 19 529 
25 18 529 
25 18 530 
25 18 530 
25 18 531 
25 18 531 
25 18 532 
25 18 532 
25 18 533 
25 18 533 
25 18 533 
24 18 534 
24 18 534 
24 18 535 
24 18 535 
24 18 535 
24 18 536 
24 18 536 
24 18 536 
24 18 537 
24 18 537 
24 18 537 
24 18 538 
24 18 538 
24 17 538 
24 17 539 
24 17 539 
24 17 539 
24 17 540 
24 17 540 
24 17 540 
24 17 540 
24 17 541 
23 17 541 
23 17 541 
23 17 541 
23 17 542 
23 17 542 
23 17 542 
23 17 542 
23 17 542 
23 17 543 
23 17 543 
23 17 543 
23 17 543 
23 17 543 
23 17 544 
23 17 544 
23 17 544 
23 17 544 
23 17 544 
23 17 545 
23 17 545 
23 17 545 
23 17 545 
23 17 545 
23 17 545 
23 17 545 
23 17 546 
23 17 546 
23 17 546 
23 17 546 
23 17 546 
23 17 546 
23 17 546 
23 17 547 
23 17 547 
23 17 547 
23 17 547 
23 17 547 
23 17 547 
23 17 547 
23 17 547 
23 17 547 
23 17 547 
23 17 548 
23 17 548 
23 17 548 
23 17 548 
23 17 548 
23 17 548 
23 17 548 
23 17 548 
23 17 548 
23 17 548 
23 17 548 
22 16 549 
22 16 549 
22 16 549 
22 16 549 
22 16 549 
22 16 549 
22 16 549 
22 16 549 
22 16 549 
22 16 549 
22 16 549 
22 16 549 
22 16 549 
22 16 549 
22 16 549 
22 16 550 
22 16 550 
22 16 550 
22 16 550 
22 16 550 
22 16 550 
22 16 550 
22 16 550 
22 16 550 
22 16 550 
22 16 550 
22 16 550 
22 16 550 
22 16 550 
22 16 550 
22 16 550 
22 16 550 
22 16 550 
22 16 550 
22 16 550 
22 16 550 
22 16 550 
22 16 550 
22 16 551 
22 16 551 
22 16 551 
22 16 551 
22 16 551 
22 16 551 
22 16 551 
22 16 551 
22 16 551 
22 16 551 
22 16 551 
22 16 551 
22 16 551 
22 16 551 
22 16 551 
22 16 551 
22 16 551 
22 16 551 
22 16 551 
22 16 551 
22 16 551 
22 16 551 
22 16 551 
22 16 551 
22 16 551 
22 16 551 
22 16 551 
22 16 551 
22 16 551 
22 16 551 
22 16 551 
22 16 551 
22 16 551 
22 16 551 
22 16 551 
22 16 551 
22 16 551 
22 16 551 
22 16 551 
22 16 551 
22 16 551 
22 16 551 
22 16 551 
22 16 551 
22 16 551 
22 16 551 
22 16 551 
22 16 552 
22 16 552 
22 16 552 
22 16 552 
22 16 552 
22 16 552 
22 16 552 
22 16 552 
22 16 552 
22 16 552 
22 16 552 
22 16 552 
22 16 552 
22 16 552 
22 16 552 
22 16 552 
22 16 552 
22 16 552 
22 16 552 
22 16 552 
22 16 552 
22 16 552 
22 16 552 
22 16 552 
22 16 552 
22 16 552 
22 16 552 
22 16 552 
22 16 552 
22 16 552 
22 16 552 
22 16 552 
22 16 552 
22 16 552 
22 16 552 
22 16 552 
22 16 552 
22 16 552 
22 16 552 
22 16 552 
22 16 552 
22 16 552 
22 16 552 
22 16 552 
22 16 552 
22 16 552 
22 16 552 
22 16 552 
22 16 552 
22 16 552 
22 16 552 
22 16 552 
22 16 552 
22 16 552 
22 16 552 
22 16 552 
22 16 552 
22 16 552 
22 16 552 
22 16 552 
22 16 552 
22 16 552 
22 16 552 
22 16 552 
22 16 552 
22 16 552 
22 16 552 
22 16 552 
22 16 552 
22 16 552 
22 16 552 
22 16 552 
22 16 552 
22 16 552 
22 16 552 
22 16 552 
22 16 552 
22 16 552 
22 16 552 
22 16 552 
22 16 552 
22 16 552 
22 16 552 
22 16 552 
22 16 552 
22 16 552 
22 16 552 
22 16 552 
22 16 552 
22 16 552 
22 16 552 
22 16 552 
22 16 552 
22 16 552 
22 16 552 
22 16 552 
22 16 552 
22 16 552 
22 16 552 
22 16 552 
22 16 552 
22 16 552 
22 16 552 
22 16 552 
22 16 552 
22 16 552 
22 16 552 
22 16 552 
22 16 552 
22 16 552 
22 16 552 
22 16 552 
22 16 552 
22 16 552 
22 16 552 
22 16 552 
22 16 552 
22 16 552 
22 16 552 
22 16 552 
22 16 552 
22 16 552 
22 16 552 
22 16 552 
22 16 552 
22 16 552 
22 16 552 
22 16 552 
22 16 552 
22 16 552 
22 16 552 
22 16 552 
22 16 552 
22 16 552 
22 16 552 
22 16 552 
22 16 552 
22 16 552 
22 16 552 
22 16 552 
22 16 552 
22 16 552 
22 16 552 
22 16 552 
22 16 552 
22 16 552 
22 16 552 
22 16 552 
22 16 552 
22 16 552 
22 16 552 
22 16 552 
22 16 552 
22 16 552 
22 16 552 
22 16 552 
22 16 552 
22 16 552 
22 16 552 
22 16 552 
22 16 552 
22 16 552 
22 16 552 
22 16 552 
22 16 552 
22 16 552 
22 16 552 
22 16 552 
22 16 552 
22 16 552 
22 16 552 
22 16 552 
22 16 552 
22 16 552 
22 16 552 
22 16 552 
22 16 552 
22 16 552 
22 16 552 
22 16 552 
22 16 552 
22 16 552 
22 16 552 
22 16 552 
22 16 552 
22 16 552 
22 16 552 
22 16 552 
22 16 552 
22 16 552 
22 16 552 
22 16 552 
22 16 552 
22 16 552 
22 16 552 
22 16 552 
22 16 552 
22 16 552 
22 16 552 
22 16 552 
22 16 552 
22 16 552 
22 16 552 
22 16 552 
22 16 552 
22 16 552 
22 16 552 
22 16 552 
22 16 552 
22 16 552 
22 16 552 
22 16 552 
22 16 552 
22 16 552 
22 16 552 
22 16 552 
22 16 552 
22 16 552 
22 16 552 
22 16 552 
22 16 552 
22 16 552 
22 16 552 
22 16 552 
22 16 552 
22 16 552 
22 16 552 
22 16 552 
22 16 552 
22 16 552 
22 16 552 
22 16 552 
22 16 552 
22 16 552 
22 16 552 
22 16 552 
22 16 552 
22 16 552 
22 16 552 
22 16 552 
22 16 552 
22 16 552 
22 16 552 
22 16 552 
22 16 552 
22 16 552 
22 16 552 
22 16 552 
22 16 552 
22 16 552 
22 16 552 
22 16 552 
22 16 552 
22 16 552 
22 16 552 
22 16 552 
22 16 552 
22 16 552 
22 16 552 
22 16 552 
22 16 552 
22 16 552 
22 16 552 
22 16 552 
22 16 552 
22 16 552 
22 16 552 
22 16 552 
22 16 552 
22 16 552 
22 16 552 
22 16 552 
22 16 552 
22 16 552 
22 16 552 
22 16 552 
22 16 552 
22 16 552 
22 16 552 
22 16 552 
22 16 552 
22 16 552 
22 16 552 
22 16 552 
22 16 552 
22 16 552 
22 16 552 
22 16 552 
22 16 552 
22 16 552 
22 16 552 
22 16 552 
22 16 552 
22 16 552 
22 16 552 
22 16 552 
22 16 552 
22 16 552 
22 16 552 
22 16 552 
22 16 552 
22 16 552 
22 16 552 
22 16 552 
22 16 552 
22 16 552 
22 16 552 
22 16 552 
22 16 552 
22 16 552 
22 16 552 
22 16 552 
22 16 552 
22 16 552 
22 16 552 
22 16 552 
22 16 552 
22 16 552 
22 16 552 
22 16 552 
22 16 552 
22 16 552 
22 16 552 
22 16 552 
22 16 552 
22 16 552 
22 16 552 
22 16 552 
22 16 552 
22 16 552 
22 16 552 
22 16 552 
22 16 552 
22 16 552 
22 16 552 
22 16 552 
22 16 552 
0 4 0 
0 0 4 
27 0 4 
19 19 4 
21 14 23 
108 15 36 
53 79 49 
125 39 114 
68 91 138 
131 50 190 
53 96 213 
124 39 253 
44 91 267 
107 32 297 
43 78 306 
88 31 328 
45 64 335 
72 33 351 
47 53 358 
61 35 369 
48 44 376 
54 35 385 
47 39 391 
49 35 398 
46 36 404 
46 34 409 
44 34 415 
44 32 420 
43 32 424 
42 31 429 
41 31 433 
40 30 437 
40 29 441 
39 29 444 
38 28 448 
38 28 451 
37 28 454 
37 27 457 
36 27 460 
36 26 463 
35 26 465 
35 26 468 
34 25 470 
34 25 473 
33 25 475 
33 25 477 
33 24 479 
32 24 481 
32 24 483 
32 24 485 
32 23 487 
31 23 488 
31 23 490 
31 23 492 
30 23 493 
30 22 495 
30 22 496 
30 22 498 
30 22 499 
29 22 500 
29 22 502 
29 21 503 
29 21 504 
29 21 505 
28 21 506 
28 21 507 
28 21 509 
28 21 510 
28 20 511 
28 20 512 
27 20 513 
27 20 513 
27 20 514 
27 20 515 
27 20 516 
27 20 517 
27 20 518 
27 20 518 
27 20 519 
26 19 520 
26 19 521 
26 19 521 
26 19 522 
26 19 523 
26 19 523 
26 19 524 
26 19 525 
26 19 525 
26 19 526 
25 19 526 
25 19 527 
25 19 527 
25 19 528 
25 19 529 
25 18 529 
25 18 529 
25 18 530 
25 18 530 
25 18 531 
25 18 531 
25 18 532 
25 18 532 
25 18 533 
25 18 533 
25 18 533 
24 18 534 
24 18 534 
24 18 534 
24 18 535 
24 18 535 
24 18 536 
24 18 536 
24 18 536 
24 18 536 
24 18 537 
24 18 537 
24 18 537 
24 18 538 
24 18 538 
24 18 538 
24 17 538 
24 17 539 
24 17 539 
24 17 539 
24 17 539 
24 17 540 
24 17 540 
24 17 540 
24 17 540 
24 17 541 
24 17 541 
23 17 541 
23 17 541 
23 17 541 
23 17 542 
23 17 542 
23 17 542 
23 17 542 
23 17 542 
23 17 543 
23 17 543 
23 17 543 
23 17 543 
23 17 543 
23 17 543 
23 17 543 
23 17 544 
23 17 544 
23 17 544 
23 17 544 
23 17 544 
23 17 544 
23 17 544 
23 17 545 
23 17 545 
23 17 545 
23 17 545 
23 17 545 
23 17 545 
23 17 545 
23 17 545 
23 17 545 
23 17 546 
23 17 546 
23 17 546 
23 17 546 
23 17 546 
23 17 546 
23 17 546 
23 17 546 
23 17 546 
23 17 546 
23 17 546 
23 17 547 
23 17 547 
23 17 547 
23 17 547 
23 17 547 
23 17 547 
23 17 547 
23 17 547 
23 17 547 
23 17 547 
23 17 547 
23 17 547 
23 17 547 
23 17 547 
23 17 547 
23 17 548 
23 17 548 
23 17 548 
23 17 548 
23 17 548 
23 17 548 
23 17 548 
23 17 548 
23 17 548 
23 17 548 
23 17 548 
23 17 548 
23 17 548 
23 17 548 
23 17 548 
23 17 548 
23 17 548 
23 17 548 
23 17 548 
23 16 548 
22 16 548 
22 16 549 
22 16 549 
22 16 549 
22 16 549 
22 16 549 
22 16 549 
22 16 549 
22 16 549 
22 16 549 
22 16 549 
22 16 549 
22 16 549 
22 16 549 
22 16 549 
22 16 549 
22 16 549 
22 16 549 
22 16 549 
22 16 549 
22 16 549 
22 16 549 
22 16 549 
22 16 549 
22 16 549 
22 16 549 
22 16 549 
22 16 549 
22 16 549 
22 16 549 
22 16 549 
22 16 549 
22 16 549 
22 16 549 
22 16 549 
22 16 549 
22 16 549 
22 16 549 
22 16 549 
22 16 549 
22 16 549 
22 16 549 
22 16 549 
22 16 550 
22 16 550 
22 16 550 
22 16 550 
22 16 550 
22 16 550 
22 16 550 
22 16 550 
22 16 550 
22 16 550 
22 16 550 
22 16 550 
22 16 550 
22 16 550 
22 16 550 
22 16 550 
22 16 550 
22 16 550 
22 16 550 
22 16 550 
22 16 550 
22 16 550 
22 16 550 
22 16 550 
22 16 550 
22 16 550 
22 16 550 
22 16 550 
22 16 550 
22 16 550 
22 16 550 
22 16 550 
22 16 550 
22 16 550 
22 16 550 
22 16 550 
22 16 550 
22 16 550 
22 16 550 
22 16 550 
22 16 550 
22 16 550 
22 16 550 
22 16 550 
22 16 550 
22 16 550 
22 16 550 
22 16 550 
22 16 550 
22 16 550 
22 16 550 
22 16 550 
22 16 550 
22 16 550 
22 16 550 
22 16 550 
22 16 550 
22 16 550 
22 16 550 
22 16 550 
22 16 550 
22 16 550 
22 16 550 
22 16 550 
22 16 550 
22 16 550 
22 16 550 
22 16 550 
22 16 550 
22 16 550 
22 16 550 
22 16 550 
22 16 550 
22 16 550 
22 16 550 
22 16 550 
22 16 550 
22 16 550 
22 16 550 
22 16 550 
22 16 550 
22 16 550 
22 16 550 
22 16 550 
22 16 550 
22 16 550 
22 16 550 
22 16 550 
22 16 550 
22 16 550 
22 16 550 
22 16 550 
22 16 550 
22 16 550 
22 16 550 
22 16 550 
22 16 550 
22 16 550 
22 16 550 
22 16 550 
22 16 550 
22 16 550 
22 16 550 
22 16 550 
22 16 550 
22 16 550 
22 16 550 
22 16 550 
22 16 550 
22 16 550 
22 16 550 
22 16 550 
22 16 550 
22 16 550 
22 16 550 
22 16 550 
22 16 550 
22 16 550 
22 16 550 
22 16 550 
22 16 550 
22 16 550 
22 16 550 
22 16 550 
22 16 550 
22 16 550 
22 16 550 
22 16 550 
22 16 550 
22 16 550 
22 16 550 
22 16 550 
22 16 550 
22 16 550 
22 16 550 
22 16 550 
22 16 550 
22 16 550 
22 16 550 
22 16 550 
22 16 550 
22 16 550 
22 16 550 
22 16 550 
22 16 550 
22 16 550 
22 16 550 
22 16 550 
22 16 550 
22 16 550 
22 16 550 
22 16 550 
22 16 550 
22 16 550 
22 16 550 
22 16 550 
22 16 550 
22 16 550 
22 16 550 
22 16 550 
22 16 550 
22 16 550 
22 16 550 
22 16 550 
22 16 550 
22 16 550 
22 16 550 
22 16 550 
22 16 550 
22 16 550 
22 16 550 
22 16 550 
22 16 550 
22 16 550 
22 16 550 
22 16 550 
22 16 550 
22 16 550 
22 16 550 
22 16 550 
22 16 550 
22 16 550 
22 16 550 
22 16 550 
22 16 550 
22 16 550 
22 16 550 
22 16 550 
22 16 550 
22 16 550 
22 16 550 
22 16 550 
22 16 550 
22 16 550 
22 16 550 
22 16 550 
22 16 550 
22 16 550 
22 16 550 
22 16 550 
22 16 550 
22 16 550 
22 16 550 
22 16 550 
22 16 550 
22 16 550 
22 16 550 
22 16 550 
22 16 550 
22 16 550 
22 16 550 
22 16 550 
22 16 550 
22 16 550 
22 16 550 
22 16 550 
22 16 550 
22 16 550 
22 16 550 
22 16 550 
22 16 550 
22 16 550 
22 16 550 
22 16 550 
22 16 550 
22 16 550 
22 16 550 
22 16 550 
22 16 550 
22 16 550 
22 16 550 
22 16 550 
22 16 550 
22 16 550 
22 16 550 
22 16 550 
22 16 550 
22 16 550 
22 16 550 
22 16 550 
22 16 550 
22 16 550 
22 16 550 
22 16 550 
22 16 550 
22 16 550 
22 16 550 
22 16 550 
22 16 550 
22 16 550 
22 16 550 
22 16 550 
22 16 550 
22 16 550 
22 16 550 
22 16 550 
22 16 550 
22 16 550 
22 16 550 
22 16 550 
22 16 550 
22 16 550 
22 16 550 
22 16 550 
22 16 550 
22 16 550 
22 16 550 
22 16 550 
22 16 550 
22 16 550 
22 16 550 
22 16 550 
22 16 550 
22 16 550 
22 16 550 
22 16 550 
22 16 550 
22 16 550 
22 16 550 
22 16 550 
22 16 550 
22 16 550 
22 16 550 
22 16 550 
22 16 550 
22 16 550 
22 16 550 
22 16 550 
22 16 550 
22 16 550 
22 16 550 
22 16 550 
22 16 550 
22 16 550 
22 16 550 
22 16 550 
22 16 550 
22 16 550 
22 16 550 
22 16 550 
22 16 550 
22 16 550 
22 16 550 
22 16 550 
22 16 550 
22 16 550 
22 16 550 
22 16 550 
22 16 550 
22 16 550 
22 16 550 
22 16 550 
22 16 550 
22 16 550 
22 16 550 
22 16 550 
22 16 550 
22 16 550 
22 16 550 
22 16 550 
22 16 550 
22 16 550 
22 16 550 
22 16 550 
22 16 550 
22 16 550 
22 16 550 
22 16 550 
22 16 550 
22 16 550 
22 16 550 
22 16 550 
22 16 550 
22 16 550 
22 16 550 
22 16 550 
22 16 550 
22 16 550 
22 16 550 
22 16 550 
22 16 550 
22 16 550 
22 16 550 
22 16 550 
22 16 550 
22 16 550 
22 16 550 
22 16 550 
0 4 0 
0 0 4 
27 0 4 
19 19 4 
21 14 23 
108 15 36 
53 79 49 
125 39 114 
68 91 138 
131 50 190 
53 96 213 
124 39 253 
44 91 267 
107 32 297 
43 78 306 
88 31 328 
45 64 335 
72 33 351 
47 53 358 
61 35 369 
48 44 376 
54 35 384 
48 39 391 
49 35 398 
46 36 403 
46 34 409 
44 34 414 
44 32 419 
43 32 424 
42 31 428 
41 31 433 
40 30 437 
40 30 440 
39 29 444 
38 29 447 
38 28 451 
37 28 454 
37 27 457 
36 27 460 
36 26 462 
35 26 465 
35 26 467 
34 25 470 
34 25 472 
34 25 474 
33 25 477 
33 24 479 
33 24 481 
32 24 482 
32 24 484 
32 23 486 
31 23 488 
31 23 489 
31 23 491 
31 23 493 
30 22 494 
30 22 496 
30 22 497 
30 22 498 
29 22 500 
29 22 501 
29 21 502 
29 21 503 
29 21 504 
29 21 506 
28 21 507 
28 21 508 
28 21 509 
28 21 510 
28 20 511 
28 20 512 
27 20 513 
27 20 513 
27 20 514 
27 20 515 
27 20 516 
27 20 517 
27 20 518 
27 20 518 
27 20 519 
26 19 520 
26 19 520 
26 19 521 
26 19 522 
26 19 522 
26 19 523 
26 19 524 
26 19 524 
26 19 525 
26 19 525 
26 19 526 
25 19 526 
25 19 527 
25 19 527 
25 19 528 
25 19 528 
25 18 529 
25 18 529 
25 18 530 
25 18 530 
25 18 531 
25 18 531 
25 18 531 
25 18 532 
25 18 532 
25 18 532 
25 18 533 
25 18 533 
24 18 534 
24 18 534 
24 18 534 
24 18 535 
24 18 535 
24 18 535 
24 18 535 
24 18 536 
24 18 536 
24 18 536 
24 18 537 
24 18 537 
24 18 537 
24 18 537 
24 18 538 
24 18 538 
24 18 538 
24 17 538 
24 17 539 
24 17 539 
24 17 539 
24 17 539 
24 17 539 
24 17 540 
24 17 540 
24 17 540 
24 17 540 
24 17 540 
24 17 541 
24 17 541 
23 17 541 
23 17 541 
23 17 541 
23 17 541 
23 17 541 
23 17 542 
23 17 542 
23 17 542 
23 17 542 
23 17 542 
23 17 542 
23 17 542 
23 17 543 
23 17 543 
23 17 543 
23 17 543 
23 17 543 
23 17 543 
23 17 543 
23 17 543 
23 17 544 
23 17 544 
23 17 544 
23 17 544 
23 17 544 
23 17 544 
23 17 544 
23 17 544 
23 17 544 
23 17 544 
23 17 544 
23 17 545 
23 17 545 
23 17 545 
23 17 545 
23 17 545 
23 17 545 
23 17 545 
23 17 545 
23 17 545 
23 17 545 
23 17 545 
23 17 545 
23 17 545 
23 17 546 
23 17 546 
23 17 546 
23 17 546 
23 17 546 
23 17 546 
23 17 546 
23 17 546 
23 17 546 
23 17 546 
23 17 546 
23 17 546 
23 17 546 
23 17 546 
23 17 546 
23 17 546 
23 17 546 
23 17 546 
23 17 546 
23 17 546 
23 17 547 
23 17 547 
23 17 547 
23 17 547 
23 17 547 
23 17 547 
23 17 547 
23 17 547 
23 17 547 
23 17 547 
23 17 547 
23 17 547 
23 17 547 
23 17 547 
23 17 547 
23 17 547 
23 17 547 
23 17 547 
23 17 547 
23 17 547 
23 17 547 
23 17 547 
23 17 547 
23 17 547 
23 17 547 
23 17 547 
23 17 547 
23 17 547 
23 17 547 
23 17 547 
23 17 547 
23 17 547 
23 17 547 
23 17 547 
23 17 547 
23 17 547 
23 17 547 
23 17 548 
23 17 548 
23 17 548 
23 17 548 
23 17 548 
23 17 548 
23 17 548 
23 17 548 
23 17 548 
23 17 548 
23 17 548 
23 17 548 
23 17 548 
23 17 548 
23 17 548 
23 17 548 
23 17 548 
23 17 548 
23 17 548 
23 17 548 
23 17 548 
23 17 548 
23 17 548 
23 17 548 
23 17 548 
23 17 548 
23 17 548 
23 17 548 
23 17 548 
23 17 548 
23 17 548 
23 17 548 
23 17 548 
23 17 548 
23 17 548 
23 17 548 
23 17 548 
23 17 548 
23 17 548 
23 17 548 
23 17 548 
23 17 548 
23 17 548 
23 17 548 
23 17 548 
23 17 548 
23 17 548 
23 17 548 
23 17 548 
23 17 548 
23 17 548 
23 17 548 
23 17 548 
23 17 548 
23 17 548 
23 17 548 
23 17 548 
23 17 548 
23 17 548 
23 17 548 
23 17 548 
23 17 548 
23 17 548 
23 17 548 
23 17 548 
23 17 548 
23 17 548 
23 17 548 
23 17 548 
23 17 548 
23 17 548 
23 17 548 
23 17 548 
23 17 548 
23 17 548 
23 17 548 
23 17 548 
23 17 548 
23 17 548 
23 17 548 
23 17 548 
23 17 548 
23 17 548 
23 17 548 
23 17 548 
23 17 548 
23 17 548 
23 17 548 
23 17 548 
23 17 548 
23 17 548 
23 17 548 
23 17 548 
23 17 548 
23 17 548 
23 17 548 
23 17 548 
23 17 548 
23 17 548 
23 17 548 
23 17 548 
23 17 548 
23 17 548 
23 17 548 
23 17 548 
23 17 548 
23 17 548 
23 17 548 
23 17 548 
23 17 548 
23 17 548 
23 17 548 
23 17 548 
23 17 548 
23 17 548 
23 17 548 
23 17 548 
23 17 548 
23 17 548 
23 17 548 
23 17 548 
23 17 548 
23 17 548 
23 17 548 
23 17 548 
23 17 548 
23 17 548 
23 17 548 
23 17 548 
23 17 548 
23 17 548 
23 17 548 
23 17 548 
23 17 548 
23 17 548 
23 17 548 
23 17 548 
23 17 548 
23 17 548 
23 17 548 
23 17 548 
23 17 548 
23 17 548 
23 17 548 
23 17 548 
23 17 548 
23 17 548 
23 17 548 
23 17 548 
23 17 548 
23 17 548 
23 17 548 
23 17 548 
23 17 548 
23 17 548 
23 17 548 
23 17 548 
23 17 548 
23 17 548 
23 17 548 
23 17 548 
23 17 548 
23 17 548 
23 17 548 
23 17 548 
23 17 548 
23 17 548 
23 17 548 
23 17 548 
23 17 548 
23 17 548 
23 17 548 
23 17 548 
23 17 548 
23 17 548 
23 17 548 
23 17 548 
23 17 548 
23 17 548 
23 17 548 
23 17 548 
23 17 548 
23 17 548 
23 17 548 
23 17 548 
23 17 548 
23 17 548 
23 17 548 
23 17 548 
23 17 548 
23 17 548 
23 17 548 
23 17 548 
23 17 548 
23 17 548 
23 17 548 
23 17 548 
23 17 548 
23 17 548 
23 17 548 
23 17 548 
23 17 548 
23 17 548 
23 17 548 
23 17 548 
23 17 548 
23 17 548 
23 17 548 
23 17 548 
23 17 548 
23 17 548 
23 17 548 
23 17 548 
23 17 548 
23 17 548 
23 17 548 
23 17 548 
23 17 548 
23 17 548 
23 17 548 
23 17 548 
23 17 548 
23 17 548 
23 17 548 
23 17 548 
23 17 548 
23 17 548 
23 17 548 
23 17 548 
23 17 548 
23 17 548 
23 17 548 
23 17 548 
23 17 548 
23 17 548 
23 17 548 
23 17 548 
23 17 548 
23 17 548 
23 17 548 
23 17 548 
23 17 548 
23 17 548 
23 17 548 
23 17 548 
23 17 548 
23 17 548 
23 17 548 
23 17 548 
23 17 548 
23 17 548 
23 17 548 
23 17 548 
23 17 548 
23 17 548 
23 17 548 
23 17 548 
23 17 548 
23 17 548 
23 17 548 
23 17 548 
23 17 548 
23 17 548 
23 17 548 
23 17 548 
23 17 548 
23 17 548 
23 17 548 
23 17 548 
23 17 548 
23 17 548 
23 17 548 
23 17 548 
23 17 548 
23 17 548 
23 17 548 
23 17 548 
23 17 548 
23 17 548 
23 17 548 
23 17 548 
23 17 548 
23 17 548 
23 17 548 
23 17 548 
23 17 548 
23 17 548 
23 17 548 
23 17 548 
23 17 548 
23 17 548 
23 17 548 
23 17 548 
23 17 548 
23 17 548 
23 17 548 
23 17 548 
23 17 548 
23 17 548 
23 17 548 
23 17 548 
23 17 548 
23 17 548 
23 17 548 
23 17 548 
23 17 548 
23 17 548 
23 17 548 
23 17 548 
23 17 548 
23 17 548 
23 17 548 
23 17 548 
23 17 548 
23 17 548 
23 17 548 
23 17 548 
23 17 548 
23 17 548 
23 17 548 
23 17 548 
23 17 548 
23 17 548 
23 17 548 
23 17 548 
23 17 548 
23 17 548 
23 17 548 
23 17 548 
23 17 548 
23 17 548 
23 17 548 
23 17 548 
23 17 548 
23 17 548 
23 17 548 
23 17 548 
23 17 548 
23 17 548 
23 17 548 
23 17 548 
23 17 548 
23 17 548 
23 17 548 
23 17 548 
23 17 548 
23 17 548 
23 17 548 
23 17 548 
23 17 548 
23 17 548 
23 17 548 
23 17 548 
23 17 548 
23 17 548 
23 17 548 
23 17 548 
23 17 548 
23 17 548 
23 17 548 
0 4 0 
0 0 4 
27 0 4 
19 19 4 
21 14 23 
108 15 36 
53 79 49 
125 39 114 
68 91 138 
131 50 190 
53 96 213 
124 39 253 
44 91 267 
107 32 297 
43 78 306 
88 31 328 
45 64 335 
72 33 351 
47 53 358 
61 35 369 
48 45 376 
54 35 384 
48 39 390 
49 35 397 
46 36 403 
46 34 409 
44 34 414 
44 33 419 
43 32 424 
42 31 428 
41 31 432 
40 30 436 
40 30 440 
39 29 444 
38 29 447 
38 28 450 
37 28 453 
37 27 456 
36 27 459 
36 27 462 
35 26 464 
35 26 467 
34 26 469 
34 25 472 
34 25 474 
33 25 476 
33 24 478 
33 24 480 
32 24 482 
32 24 484 
32 23 485 
31 23 487 
31 23 489 
31 23 490 
31 23 492 
30 22 493 
30 22 495 
30 22 496 
30 22 498 
30 22 499 
29 22 500 
29 22 501 
29 21 503 
29 21 504 
29 21 505 
28 21 506 
28 21 507 
28 21 508 
28 21 509 
28 21 510 
28 20 511 
28 20 512 
27 20 513 
27 20 513 
27 20 514 
27 20 515 
27 20 516 
27 20 517 
27 20 517 
27 20 518 
27 20 519 
26 19 519 
26 19 520 
26 19 521 
26 19 521 
26 19 522 
26 19 522 
26 19 523 
26 19 524 
26 19 524 
26 19 525 
26 19 525 
26 19 526 
25 19 526 
25 19 527 
25 19 527 
25 19 528 
25 19 528 
25 18 529 
25 18 529 
25 18 529 
25 18 530 
25 18 530 
25 18 531 
25 18 531 
25 18 531 
25 18 532 
25 18 532 
25 18 532 
25 18 533 
25 18 533 
25 18 533 
24 18 534 
24 18 534 
24 18 534 
24 18 534 
24 18 535 
24 18 535 
24 18 535 
24 18 535 
24 18 536 
24 18 536 
24 18 536 
24 18 536 
24 18 537 
24 18 537 
24 18 537 
24 18 537 
24 18 538 
24 18 538 
24 18 538 
24 18 538 
24 17 538 
24 17 539 
24 17 539 
24 17 539 
24 17 539 
24 17 539 
24 17 539 
24 17 540 
24 17 540 
24 17 540 
24 17 540 
24 17 540 
24 17 540 
24 17 540 
24 17 541 
24 17 541 
23 17 541 
23 17 541 
23 17 541 
23 17 541 
23 17 541 
23 17 541 
23 17 542 
23 17 542 
23 17 542 
23 17 542 
23 17 542 
23 17 542 
23 17 542 
23 17 542 
23 17 542 
23 17 542 
23 17 543 
23 17 543 
23 17 543 
23 17 543 
23 17 543 
23 17 543 
23 17 543 
23 17 543 
23 17 543 
23 17 543 
23 17 543 
23 17 543 
23 17 543 
23 17 544 
23 17 544 
23 17 544 
23 17 544 
23 17 544 
23 17 544 
23 17 544 
23 17 544 
23 17 544 
23 17 544 
23 17 544 
23 17 544 
23 17 544 
23 17 544 
23 17 544 
23 17 544 
23 17 544 
23 17 544 
23 17 545 
23 17 545 
23 17 545 
23 17 545 
23 17 545 
23 17 545 
23 17 545 
23 17 545 
23 17 545 
23 17 545 
23 17 545 
23 17 545 
23 17 545 
23 17 545 
23 17 545 
23 17 545 
23 17 545 
23 17 545 
23 17 545 
23 17 545 
23 17 545 
23 17 545 
23 17 545 
23 17 545 
23 17 545 
23 17 545 
23 17 545 
23 17 545 
23 17 545 
23 17 545 
23 17 545 
23 17 545 
23 17 546 
23 17 546 
23 17 546 
23 17 546 
23 17 546 
23 17 546 
23 17 546 
23 17 546 
23 17 546 
23 17 546 
23 17 546 
23 17 546 
23 17 546 
23 17 546 
23 17 546 
23 17 546 
23 17 546 
23 17 546 
23 17 546 
23 17 546 
23 17 546 
23 17 546 
23 17 546 
23 17 546 
23 17 546 
23 17 546 
23 17 546 
23 17 546 
23 17 546 
23 17 546 
23 17 546 
23 17 546 
23 17 546 
23 17 546 
23 17 546 
23 17 546 
23 17 546 
23 17 546 
23 17 546 
23 17 546 
23 17 546 
23 17 546 
23 17 546 
23 17 546 
23 17 546 
23 17 546 
23 17 546 
23 17 546 
23 17 546 
23 17 546 
23 17 546 
23 17 546 
23 17 546 
23 17 546 
23 17 546 
23 17 546 
23 17 546 
23 17 546 
23 17 546 
23 17 546 
23 17 546 
23 17 546 
23 17 546 
23 17 546 
23 17 546 
23 17 546 
23 17 546 
23 17 546 
23 17 546 
23 17 546 
23 17 546 
23 17 546 
23 17 546 
23 17 546 
23 17 546 
23 17 546 
23 17 546 
23 17 546 
23 17 546 
23 17 546 
23 17 546 
23 17 546 
23 17 546 
23 17 546 
23 17 546 
23 17 546 
23 17 546 
23 17 546 
23 17 546 
23 17 546 
23 17 546 
23 17 546 
23 17 546 
23 17 546 
23 17 546 
23 17 546 
23 17 546 
23 17 546 
23 17 546 
23 17 546 
23 17 546 
23 17 546 
23 17 546 
23 17 546 
23 17 546 
23 17 546 
23 17 546 
23 17 546 
23 17 546 
23 17 546 
23 17 546 
23 17 546 
23 17 546 
23 17 546 
23 17 546 
23 17 546 
23 17 546 
23 17 546 
23 17 546 
23 17 546 
23 17 546 
23 17 546 
23 17 546 
23 17 546 
23 17 546 
23 17 546 
23 17 546 
23 17 546 
23 17 546 
23 17 546 
23 17 546 
23 17 546 
23 17 546 
23 17 546 
23 17 546 
23 17 546 
23 17 546 
23 17 546 
23 17 546 
23 17 546 
23 17 546 
23 17 546 
23 17 546 
23 17 546 
23 17 546 
23 17 546 
23 17 546 
23 17 546 
23 17 546 
23 17 546 
23 17 546 
23 17 546 
23 17 546 
23 17 546 
23 17 546 
23 17 546 
23 17 546 
23 17 546 
23 17 546 
23 17 546 
23 17 546 
23 17 546 
23 17 546 
23 17 546 
23 17 546 
23 17 546 
23 17 546 
23 17 546 
23 17 546 
23 17 546 
23 17 546 
23 17 546 
23 17 546 
23 17 546 
23 17 546 
23 17 546 
23 17 546 
23 17 546 
23 17 546 
23 17 546 
23 17 546 
23 17 546 
23 17 546 
23 17 546 
23 17 546 
23 17 546 
23 17 546 
23 17 546 
23 17 546 
23 17 546 
23 17 546 
23 17 546 
23 17 546 
23 17 546 
23 17 546 
23 17 546 
23 17 546 
23 17 546 
23 17 546 
23 17 546 
23 17 546 
23 17 546 
23 17 546 
23 17 546 
23 17 546 
23 17 546 
23 17 546 
23 17 546 
23 17 546 
23 17 546 
23 17 546 
23 17 546 
23 17 546 
23 17 546 
23 17 546 
23 17 546 
23 17 546 
23 17 546 
23 17 546 
23 17 546 
23 17 546 
23 17 546 
23 17 546 
23 17 546 
23 17 546 
23 17 546 
23 17 546 
23 17 546 
23 17 546 
23 17 546 
23 17 546 
23 17 546 
23 17 546 
23 17 546 
23 17 546 
23 17 546 
23 17 546 
23 17 546 
23 17 546 
23 17 546 
23 17 546 
23 17 546 
23 17 546 
23 17 546 
23 17 546 
23 17 546 
23 17 546 
23 17 546 
23 17 546 
23 17 546 
23 17 546 
23 17 546 
23 17 546 
23 17 546 
23 17 546 
23 17 546 
23 17 546 
23 17 546 
23 17 546 
23 17 546 
23 17 546 
23 17 546 
23 17 546 
23 17 546 
23 17 546 
23 17 546 
23 17 546 
23 17 546 
23 17 546 
23 17 546 
23 17 546 
23 17 546 
23 17 546 
23 17 546 
23 17 546 
23 17 546 
23 17 546 
23 17 546 
23 17 546 
23 17 546 
23 17 546 
23 17 546 
23 17 546 
23 17 546 
23 17 546 
23 17 546 
23 17 546 
23 17 546 
23 17 546 
23 17 546 
23 17 546 
23 17 546 
23 17 546 
23 17 546 
23 17 546 
23 17 546 
23 17 546 
23 17 546 
23 17 546 
23 17 546 
23 17 546 
23 17 546 
23 17 546 
23 17 546 
23 17 546 
23 17 546 
23 17 546 
23 17 546 
23 17 546 
23 17 546 
23 17 546 
23 17 546 
23 17 546 
23 17 546 
23 17 546 
23 17 546 
23 17 546 
23 17 546 
23 17 546 
23 17 546 
23 17 546 
23 17 546 
23 17 546 
23 17 546 
23 17 546 
23 17 546 
23 17 546 
23 17 546 
23 17 546 
23 17 546 
23 17 546 
23 17 546 
23 17 546 
23 17 546 
23 17 546 
23 17 546 
23 17 546 
23 17 546 
23 17 546 
23 17 546 
23 17 546 
23 17 546 
23 17 546 
23 17 546 
23 17 546 
23 17 546 
23 17 546 
23 17 546 
23 17 546 
23 17 546 
23 17 546 
23 17 546 
23 17 546 
23 17 546 
23 17 546 
23 17 546 
23 17 546 
23 17 546 
23 17 546 
23 17 546 
23 17 546 
23 17 546 
23 17 546 
23 17 546 
23 17 546 
23 17 546 
23 17 546 
23 17 546 
23 17 546 
23 17 546 
23 17 546 
23 17 546 
0 4 0 
0 0 4 
27 0 4 
19 19 4 
21 14 23 
108 15 36 
53 79 49 
125 39 114 
68 91 138 
131 50 190 
53 96 213 
124 39 253 
44 91 266 
107 32 297 
43 78 306 
88 31 328 
45 64 335 
72 33 350 
47 53 357 
61 35 369 
48 45 375 
54 35 384 
48 39 390 
49 35 397 
46 36 403 
46 34 409 
44 34 414 
44 33 419 
43 32 423 
42 31 428 
41 31 432 
40 30 436 
40 30 440 
39 29 443 
38 29 447 
38 28 450 
37 28 453 
37 27 456 
36 27 459 
36 27 461 
35 26 464 
35 26 466 
34 26 469 
34 25 471 
34 25 473 
33 25 475 
33 24 477 
33 24 479 
32 24 481 
32 24 483 
32 24 485 
32 23 487 
31 23 488 
31 23 490 
31 23 491 
31 23 493 
30 22 494 
30 22 496 
30 22 497 
30 22 498 
29 22 499 
29 22 501 
29 21 502 
29 21 503 
29 21 504 
29 21 505 
28 21 506 
28 21 507 
28 21 508 
28 21 509 
28 21 510 
28 20 511 
28 20 512 
27 20 512 
27 20 513 
27 20 514 
27 20 515 
27 20 516 
27 20 516 
27 20 517 
27 20 518 
27 20 518 
27 20 519 
26 19 520 
26 19 520 
26 19 521 
26 19 521 
26 19 522 
26 19 523 
26 19 523 
26 19 524 
26 19 524 
26 19 525 
26 19 525 
26 19 526 
26 19 526 
25 19 526 
25 19 527 
25 19 527 
25 19 528 
25 19 528 
25 18 529 
25 18 529 
25 18 529 
25 18 530 
25 18 530 
25 18 530 
25 18 531 
25 18 531 
25 18 531 
25 18 532 
25 18 532 
25 18 532 
25 18 533 
25 18 533 
25 18 533 
24 18 533 
24 18 534 
24 18 534 
24 18 534 
24 18 534 
24 18 535 
24 18 535 
24 18 535 
24 18 535 
24 18 536 
24 18 536 
24 18 536 
24 18 536 
24 18 536 
24 18 537 
24 18 537 
24 18 537 
24 18 537 
24 18 537 
24 18 537 
24 18 538 
24 18 538 
24 18 538 
24 18 538 
24 17 538 
24 17 538 
24 17 539 
24 17 539 
24 17 539 
24 17 539 
24 17 539 
24 17 539 
24 17 539 
24 17 539 
24 17 540 
24 17 540 
24 17 540 
24 17 540 
24 17 540 
24 17 540 
24 17 540 
24 17 540 
24 17 540 
24 17 541 
24 17 541 
24 17 541 
23 17 541 
23 17 541 
23 17 541 
23 17 541 
23 17 541 
23 17 541 
23 17 541 
23 17 541 
23 17 541 
23 17 542 
23 17 542 
23 17 542 
23 17 542 
23 17 542 
23 17 542 
23 17 542 
23 17 542 
23 17 542 
23 17 542 
23 17 542 
23 17 542 
23 17 542 
23 17 542 
23 17 542 
23 17 542 
23 17 542 
23 17 543 
23 17 543 
23 17 543 
23 17 543 
23 17 543 
23 17 543 
23 17 543 
23 17 543 
23 17 543 
23 17 543 
23 17 543 
23 17 543 
23 17 543 
23 17 543 
23 17 543 
23 17 543 
23 17 543 
23 17 543 
23 17 543 
23 17 543 
23 17 543 
23 17 543 
23 17 543 
23 17 543 
23 17 543 
23 17 543 
23 17 543 
23 17 544 
23 17 544 
23 17 544 
23 17 544 
23 17 544 
23 17 544 
23 17 544 
23 17 544 
23 17 544 
23 17 544 
23 17 544 
23 17 544 
23 17 544 
23 17 544 
23 17 544 
23 17 544 
23 17 544 
23 17 544 
23 17 544 
23 17 544 
23 17 544 
23 17 544 
23 17 544 
23 17 544 
23 17 544 
23 17 544 
23 17 544 
23 17 544 
23 17 544 
23 17 544 
23 17 544 
23 17 544 
23 17 544 
23 17 544 
23 17 544 
23 17 544 
23 17 544 
23 17 544 
23 17 544 
23 17 544 
23 17 544 
23 17 544 
23 17 544 
23 17 544 
23 17 544 
23 17 544 
23 17 544 
23 17 544 
23 17 544 
23 17 544 
23 17 544 
23 17 544 
23 17 544 
23 17 544 
23 17 544 
23 17 544 
23 17 544 
23 17 544 
23 17 544 
23 17 544 
23 17 544 
23 17 544 
23 17 544 
23 17 544 
23 17 544 
23 17 544 
23 17 544 
23 17 544 
23 17 544 
23 17 544 
23 17 544 
23 17 544 
23 17 544 
23 17 544 
23 17 544 
23 17 544 
23 17 544 
23 17 544 
23 17 544 
23 17 544 
23 17 544 
23 17 544 
23 17 544 
23 17 545 
23 17 545 
23 17 545 
23 17 545 
23 17 545 
23 17 545 
23 17 545 
23 17 545 
23 17 545 
23 17 545 
23 17 545 
23 17 545 
23 17 545 
23 17 545 
23 17 545 
23 17 545 
23 17 545 
23 17 545 
23 17 545 
23 17 545 
23 17 545 
23 17 545 
23 17 545 
23 17 545 
23 17 545 
23 17 545 
23 17 545 
23 17 545 
23 17 545 
23 17 545 
23 17 545 
23 17 545 
23 17 545 
23 17 545 
23 17 545 
23 17 545 
23 17 545 
23 17 545 
23 17 545 
23 17 545 
23 17 545 
23 17 545 
23 17 545 
23 17 545 
23 17 545 
23 17 545 
23 17 545 
23 17 545 
23 17 545 
23 17 545 
23 17 545 
23 17 545 
23 17 545 
23 17 545 
23 17 545 
23 17 545 
23 17 545 
23 17 545 
23 17 545 
23 17 545 
23 17 545 
23 17 545 
23 17 545 
23 17 545 
23 17 545 
23 17 545 
23 17 545 
23 17 545 
23 17 545 
23 17 545 
23 17 545 
23 17 545 
23 17 545 
23 17 545 
23 17 545 
23 17 545 
23 17 545 
23 17 545 
23 17 545 
23 17 545 
23 17 545 
23 17 545 
23 17 545 
23 17 545 
23 17 545 
23 17 545 
23 17 545 
23 17 545 
23 17 545 
23 17 545 
23 17 545 
23 17 545 
23 17 545 
23 17 545 
23 17 545 
23 17 545 
23 17 545 
23 17 545 
23 17 545 
23 17 545 
23 17 545 
23 17 545 
23 17 545 
23 17 545 
23 17 545 
23 17 545 
23 17 545 
23 17 545 
23 17 545 
23 17 545 
23 17 545 
23 17 545 
23 17 545 
23 17 545 
23 17 545 
23 17 545 
23 17 545 
23 17 545 
23 17 545 
23 17 545 
23 17 545 
23 17 545 
23 17 545 
23 17 545 
23 17 545 
23 17 545 
23 17 545 
23 17 545 
23 17 545 
23 17 545 
23 17 545 
23 17 545 
23 17 545 
23 17 545 
23 17 545 
23 17 545 
23 17 545 
23 17 545 
23 17 545 
23 17 545 
23 17 545 
23 17 545 
23 17 545 
23 17 545 
23 17 545 
23 17 545 
23 17 545 
23 17 545 
23 17 545 
23 17 545 
23 17 545 
23 17 545 
23 17 545 
23 17 545 
23 17 545 
23 17 545 
23 17 545 
23 17 545 
23 17 545 
23 17 545 
23 17 545 
23 17 545 
23 17 545 
23 17 545 
23 17 545 
23 17 545 
23 17 545 
23 17 545 
23 17 545 
23 17 545 
23 17 545 
23 17 545 
23 17 545 
23 17 545 
23 17 545 
23 17 545 
23 17 545 
23 17 545 
23 17 545 
23 17 545 
23 17 545 
23 17 545 
23 17 545 
23 17 545 
23 17 545 
23 17 545 
23 17 545 
23 17 545 
23 17 545 
23 17 545 
23 17 545 
23 17 545 
23 17 545 
23 17 545 
23 17 545 
23 17 545 
23 17 545 
23 17 545 
23 17 545 
23 17 545 
23 17 545 
23 17 545 
23 17 545 
23 17 545 
23 17 545 
23 17 545 
23 17 545 
23 17 545 
23 17 545 
23 17 545 
23 17 545 
23 17 545 
23 17 545 
23 17 545 
23 17 545 
23 17 545 
23 17 545 
23 17 545 
23 17 545 
23 17 545 
23 17 545 
23 17 545 
23 17 545 
23 17 545 
23 17 545 
23 17 545 
23 17 545 
23 17 545 
23 17 545 
23 17 545 
23 17 545 
23 17 545 
23 17 545 
23 17 545 
23 17 545 
23 17 545 
23 17 545 
23 17 545 
23 17 545 
23 17 545 
23 17 545 
23 17 545 
23 17 545 
23 17 545 
23 17 545 
23 17 545 
23 17 545 
23 17 545 
23 17 545 
23 17 545 
23 17 545 
23 17 545 
23 17 545 
23 17 545 
23 17 545 
23 17 545 
23 17 545 
23 17 545 
23 17 545 
23 17 545 
23 17 545 
23 17 545 
23 17 545 
23 17 545 
23 17 545 
23 17 545 
23 17 545 
23 17 545 
23 17 545 
23 17 545 
23 17 545 
23 17 545 
23 17 545 
23 17 545 
23 17 545 
23 17 545 
23 17 545 
23 17 545 
23 17 545 
23 17 545 
23 17 545 
23 17 545 
23 17 545 
23 17 545 
23 17 545 
23 17 545 
23 17 545 
23 17 545 
23 17 545 
23 17 545 
23 17 545 
23 17 545 
23 17 545 
23 17 545 
23 17 545 
23 17 545 
23 17 545 
23 17 545 
23 17 545 
23 17 545 
23 17 545 
0 4 0 
0 0 4 
27 0 4 
19 19 4 
21 14 23 
108 15 36 
53 79 49 
125 39 114 
68 91 138 
131 50 190 
53 96 213 
124 39 253 
44 91 266 
107 32 297 
43 78 305 
88 31 327 
45 64 335 
72 33 350 
47 53 357 
61 35 369 
48 45 375 
54 35 384 
48 39 390 
49 35 397 
46 36 403 
46 34 408 
44 34 414 
44 33 419 
43 32 423 
42 31 428 
41 31 432 
40 30 436 
40 30 439 
39 29 443 
38 29 446 
38 28 450 
37 28 453 
37 27 456 
36 27 458 
36 27 461 
35 26 464 
35 26 466 
35 26 468 
34 25 471 
34 25 473 
33 25 475 
33 25 477 
33 24 479 
32 24 481 
32 24 483 
32 24 484 
32 23 486 
31 23 488 
31 23 489 
31 23 491 
31 23 492 
30 22 493 
30 22 495 
30 22 496 
30 22 497 
30 22 499 
29 22 500 
29 22 501 
29 21 502 
29 21 503 
29 21 504 
29 21 505 
28 21 506 
28 21 507 
28 21 508 
28 21 509 
28 21 510 
28 20 511 
28 20 512 
28 20 512 
27 20 513 
27 20 514 
27 20 515 
27 20 515 
27 20 516 
27 20 517 
27 20 517 
27 20 518 
27 20 519 
26 19 519 
26 19 520 
26 19 520 
26 19 521 
26 19 521 
26 19 522 
26 19 523 
26 19 523 
26 19 523 
26 19 524 
26 19 524 
26 19 525 
26 19 525 
26 19 526 
25 19 526 
25 19 527 
25 19 527 
25 19 527 
25 19 528 
25 19 528 
25 18 528 
25 18 529 
25 18 529 
25 18 529 
25 18 530 
25 18 530 
25 18 530 
25 18 531 
25 18 531 
25 18 531 
25 18 532 
25 18 532 
25 18 532 
25 18 532 
25 18 533 
25 18 533 
25 18 533 
25 18 533 
24 18 534 
24 18 534 
24 18 534 
24 18 534 
24 18 534 
24 18 535 
24 18 535 
24 18 535 
24 18 535 
24 18 535 
24 18 535 
24 18 536 
24 18 536 
24 18 536 
24 18 536 
24 18 536 
24 18 536 
24 18 537 
24 18 537 
24 18 537 
24 18 537 
24 18 537 
24 18 537 
24 18 537 
24 18 538 
24 18 538 
24 18 538 
24 18 538 
24 17 538 
24 17 538 
24 17 538 
24 17 538 
24 17 538 
24 17 539 
24 17 539 
24 17 539 
24 17 539 
24 17 539 
24 17 539 
24 17 539 
24 17 539 
24 17 539 
24 17 539 
24 17 539 
24 17 540 
24 17 540 
24 17 540 
24 17 540 
24 17 540 
24 17 540 
24 17 540 
24 17 540 
24 17 540 
24 17 540 
24 17 540 
24 17 540 
24 17 540 
24 17 540 
24 17 540 
24 17 541 
24 17 541 
24 17 541 
24 17 541 
23 17 541 
23 17 541 
23 17 541 
23 17 541 
23 17 541 
23 17 541 
23 17 541 
23 17 541 
23 17 541 
23 17 541 
23 17 541 
23 17 541 
23 17 541 
23 17 541 
23 17 541 
23 17 541 
23 17 541 
23 17 541 
23 17 541 
23 17 542 
23 17 542 
23 17 542 
23 17 542 
23 17 542 
23 17 542 
23 17 542 
23 17 542 
23 17 542 
23 17 542 
23 17 542 
23 17 542 
23 17 542 
23 17 542 
23 17 542 
23 17 542 
23 17 542 
23 17 542 
23 17 542 
23 17 542 
23 17 542 
23 17 542 
23 17 542 
23 17 542 
23 17 542 
23 17 542 
23 17 542 
23 17 542 
23 17 542 
23 17 542 
23 17 542 
23 17 542 
23 17 542 
23 17 542 
23 17 542 
23 17 542 
23 17 542 
23 17 542 
23 17 542 
23 17 542 
23 17 542 
23 17 542 
23 17 542 
23 17 542 
23 17 542 
23 17 542 
23 17 542 
23 17 542 
23 17 542 
23 17 542 
23 17 542 
23 17 542 
23 17 542 
23 17 543 
23 17 543 
23 17 543 
23 17 543 
23 17 543 
23 17 543 
23 17 543 
23 17 543 
23 17 543 
23 17 543 
23 17 543 
23 17 543 
23 17 543 
23 17 543 
23 17 543 
23 17 543 
23 17 543 
23 17 543 
23 17 543 
23 17 543 
23 17 543 
23 17 543 
23 17 543 
23 17 543 
23 17 543 
23 17 543 
23 17 543 
23 17 543 
23 17 543 
23 17 543 
23 17 543 
23 17 543 
23 17 543 
23 17 543 
23 17 543 
23 17 543 
23 17 543 
23 17 543 
23 17 543 
23 17 543 
23 17 543 
23 17 543 
23 17 543 
23 17 543 
23 17 543 
23 17 543 
23 17 543 
23 17 543 
23 17 543 
23 17 543 
23 17 543 
23 17 543 
23 17 543 
23 17 543 
23 17 543 
23 17 543 
23 17 543 
23 17 543 
23 17 543 
23 17 543 
23 17 543 
23 17 543 
23 17 543 
23 17 543 
23 17 543 
23 17 543 
23 17 543 
23 17 543 
23 17 543 
23 17 543 
23 17 543 
23 17 543 
23 17 543 
23 17 543 
23 17 543 
23 17 543 
23 17 543 
23 17 543 
23 17 543 
23 17 543 
23 17 543 
23 17 543 
23 17 543 
23 17 543 
23 17 543 
23 17 543 
23 17 543 
23 17 543 
23 17 543 
23 17 543 
23 17 543 
23 17 543 
23 17 543 
23 17 543 
23 17 543 
23 17 543 
23 17 543 
23 17 543 
23 17 543 
23 17 543 
23 17 543 
23 17 543 
23 17 543 
23 17 543 
23 17 543 
23 17 543 
23 17 543 
23 17 543 
23 17 543 
23 17 543 
23 17 543 
23 17 543 
23 17 543 
23 17 543 
23 17 543 
23 17 543 
23 17 543 
23 17 543 
23 17 543 
23 17 543 
23 17 543 
23 17 543 
23 17 543 
23 17 543 
23 17 543 
23 17 543 
23 17 543 
23 17 543 
23 17 543 
23 17 543 
23 17 543 
23 17 543 
23 17 543 
23 17 543 
23 17 543 
23 17 543 
23 17 543 
23 17 543 
23 17 543 
23 17 543 
23 17 543 
23 17 543 
23 17 543 
23 17 543 
23 17 543 
23 17 543 
23 17 543 
23 17 543 
23 17 543 
23 17 543 
23 17 543 
23 17 543 
23 17 543 
23 17 543 
23 17 543 
23 17 543 
23 17 543 
23 17 543 
23 17 543 
23 17 543 
23 17 543 
23 17 543 
23 17 543 
23 17 543 
23 17 543 
23 17 543 
23 17 543 
23 17 543 
23 17 543 
23 17 543 
23 17 543 
23 17 543 
23 17 543 
23 17 543 
23 17 543 
23 17 543 
23 17 543 
23 17 543 
23 17 543 
23 17 543 
23 17 543 
23 17 543 
23 17 543 
23 17 543 
23 17 543 
23 17 543 
23 17 543 
23 17 543 
23 17 543 
23 17 543 
23 17 543 
23 17 543 
23 17 543 
23 17 543 
23 17 543 
23 17 543 
23 17 543 
23 17 543 
23 17 543 
23 17 543 
23 17 543 
23 17 543 
23 17 543 
23 17 543 
23 17 543 
23 17 543 
23 17 543 
23 17 543 
23 17 543 
23 17 543 
23 17 543 
23 17 543 
23 17 543 
23 17 543 
23 17 543 
23 17 543 
23 17 543 
23 17 543 
23 17 543 
23 17 543 
23 17 543 
23 17 543 
23 17 543 
23 17 543 
23 17 543 
23 17 543 
23 17 543 
23 17 543 
23 17 543 
23 17 543 
23 17 543 
23 17 543 
23 17 543 
23 17 543 
23 17 543 
23 17 543 
23 17 543 
23 17 543 
23 17 543 
23 17 543 
23 17 543 
23 17 543 
23 17 543 
23 17 543 
23 17 543 
23 17 543 
23 17 543 
23 17 543 
23 17 543 
23 17 543 
23 17 543 
23 17 543 
23 17 543 
23 17 543 
23 17 543 
23 17 543 
23 17 543 
23 17 543 
23 17 543 
23 17 543 
23 17 543 
23 17 543 
23 17 543 
23 17 543 
23 17 543 
23 17 543 
23 17 543 
23 17 543 
23 17 543 
23 17 543 
23 17 543 
23 17 543 
23 17 543 
23 17 543 
23 17 543 
23 17 543 
23 17 543 
23 17 543 
23 17 543 
23 17 543 
23 17 543 
23 17 543 
23 17 543 
23 17 543 
23 17 543 
23 17 543 
23 17 543 
23 17 543 
23 17 543 
23 17 543 
23 17 543 
23 17 543 
23 17 543 
23 17 543 
23 17 543 
23 17 543 
23 17 543 
23 17 543 
23 17 543 
23 17 543 
23 17 543 
23 17 543 
23 17 543 
23 17 543 
23 17 543 
23 17 543 
23 17 543 
23 17 543 
23 17 543 
23 17 543 
23 17 543 
23 17 543 
23 17 543 
23 17 543 
23 17 543 
23 17 543 
23 17 543 
23 17 543 
23 17 543 
23 17 543 
23 17 543 
23 17 543 
23 17 543 
23 17 543 
23 17 543 
23 17 543 
23 17 543 
23 17 543 
23 17 543 
23 17 543 
23 17 543 
23 17 543 
23 17 543 
23 17 543 
23 17 543 
23 17 543 
23 17 543 
23 17 543 
23 17 543 
23 17 543 
23 17 543 
23 17 543 
0 4 0 
0 0 4 
27 0 4 
19 19 4 
21 14 23 
108 15 36 
53 79 49 
125 39 114 
68 91 138 
131 50 190 
53 96 213 
124 39 253 
44 91 266 
107 32 297 
43 78 305 
88 31 327 
45 64 335 
72 33 350 
47 53 357 
61 35 368 
48 45 375 
54 35 384 
48 39 390 
49 35 397 
46 36 402 
46 34 408 
45 34 413 
44 33 418 
43 32 423 
42 31 427 
41 31 431 
41 30 435 
40 30 439 
39 29 443 
39 29 446 
38 28 449 
37 28 452 
37 27 455 
36 27 458 
36 27 461 
35 26 463 
35 26 466 
35 26 468 
34 25 470 
34 25 472 
34 25 474 
33 25 476 
33 24 478 
33 24 480 
32 24 482 
32 24 484 
32 23 485 
31 23 487 
31 23 488 
31 23 490 
31 23 491 
31 23 493 
30 22 494 
30 22 495 
30 22 497 
30 22 498 
30 22 499 
29 22 500 
29 22 501 
29 21 502 
29 21 503 
29 21 504 
29 21 505 
28 21 506 
28 21 507 
28 21 508 
28 21 509 
28 21 510 
28 20 511 
28 20 511 
28 20 512 
27 20 513 
27 20 514 
27 20 514 
27 20 515 
27 20 516 
27 20 516 
27 20 517 
27 20 518 
27 20 518 
27 20 519 
26 19 519 
26 19 520 
26 19 520 
26 19 521 
26 19 521 
26 19 522 
26 19 522 
26 19 523 
26 19 523 
26 19 524 
26 19 524 
26 19 525 
26 19 525 
26 19 525 
26 19 526 
25 19 526 
25 19 527 
25 19 527 
25 19 527 
25 19 528 
25 19 528 
25 19 528 
25 18 529 
25 18 529 
25 18 529 
25 18 529 
25 18 530 
25 18 530 
25 18 530 
25 18 531 
25 18 531 
25 18 531 
25 18 531 
25 18 532 
25 18 532 
25 18 532 
25 18 532 
25 18 532 
25 18 533 
25 18 533 
25 18 533 
25 18 533 
24 18 533 
24 18 534 
24 18 534 
24 18 534 
24 18 534 
24 18 534 
24 18 534 
24 18 535 
24 18 535 
24 18 535 
24 18 535 
24 18 535 
24 18 535 
24 18 535 
24 18 536 
24 18 536 
24 18 536 
24 18 536 
24 18 536 
24 18 536 
24 18 536 
24 18 536 
24 18 537 
24 18 537 
24 18 537 
24 18 537 
24 18 537 
24 18 537 
24 18 537 
24 18 537 
24 18 537 
24 18 537 
24 18 538 
24 18 538 
24 18 538 
24 18 538 
24 18 538 
24 18 538 
24 17 538 
24 17 538 
24 17 538 
24 17 538 
24 17 538 
24 17 538 
24 17 538 
24 17 539 
24 17 539 
24 17 539 
24 17 539 
24 17 539 
24 17 539 
24 17 539 
24 17 539 
24 17 539 
24 17 539 
24 17 539 
24 17 539 
24 17 539 
24 17 539 
24 17 539 
24 17 539 
24 17 539 
24 17 539 
24 17 539 
24 17 539 
24 17 540 
24 17 540 
24 17 540 
24 17 540 
24 17 540 
24 17 540 
24 17 540 
24 17 540 
24 17 540 
24 17 540 
24 17 540 
24 17 540 
24 17 540 
24 17 540 
24 17 540 
24 17 540 
24 17 540 
24 17 540 
24 17 540 
24 17 540 
24 17 540 
24 17 540 
24 17 540 
24 17 540 
24 17 540 
24 17 540 
24 17 540 
24 17 540 
24 17 540 
24 17 540 
24 17 540 
24 17 540 
24 17 540 
24 17 540 
24 17 540 
24 17 540 
24 17 540 
24 17 540 
24 17 540 
24 17 541 
24 17 541 
24 17 541 
24 17 541 
24 17 541 
24 17 541 
24 17 541 
24 17 541 
24 17 541 
24 17 541 
24 17 541 
24 17 541 
24 17 541 
23 17 541 
23 17 541 
23 17 541 
23 17 541 
23 17 541 
23 17 541 
23 17 541 
23 17 541 
23 17 541 
23 17 541 
23 17 541 
23 17 541 
23 17 541 
23 17 541 
23 17 541 
23 17 541 
23 17 541 
23 17 541 
23 17 541 
23 17 541 
23 17 541 
23 17 541 
23 17 541 
23 17 541 
23 17 541 
23 17 541 
23 17 541 
23 17 541 
23 17 541 
23 17 541 
23 17 541 
23 17 541 
23 17 541 
23 17 541 
23 17 541 
23 17 541 
23 17 541 
23 17 541 
23 17 541 
23 17 541 
23 17 541 
23 17 541 
23 17 541 
23 17 541 
23 17 541 
23 17 541 
23 17 541 
23 17 541 
23 17 541 
23 17 541 
23 17 541 
23 17 541 
23 17 541 
23 17 541 
23 17 541 
23 17 541 
23 17 541 
23 17 541 
23 17 541 
23 17 541 
23 17 541 
23 17 541 
23 17 541 
23 17 541 
23 17 541 
23 17 541 
23 17 541 
23 17 541 
23 17 541 
23 17 541 
23 17 541 
23 17 541 
23 17 541 
23 17 541 
23 17 541 
23 17 541 
23 17 541 
23 17 541 
23 17 541 
23 17 541 
23 17 541 
23 17 541 
23 17 541 
23 17 541 
23 17 541 
23 17 541 
23 17 541 
23 17 541 
23 17 541 
23 17 541 
23 17 541 
23 17 541 
23 17 541 
23 17 541 
23 17 541 
23 17 541 
23 17 541 
23 17 541 
23 17 541 
23 17 541 
23 17 541 
23 17 541 
23 17 541 
23 17 541 
23 17 541 
23 17 541 
23 17 541 
23 17 541 
23 17 541 
23 17 541 
23 17 541 
23 17 541 
23 17 541 
23 17 541 
23 17 541 
23 17 541 
23 17 541 
23 17 541 
23 17 541 
23 17 541 
23 17 541 
23 17 541 
23 17 541 
23 17 541 
23 17 541 
23 17 541 
23 17 541 
23 17 541 
23 17 541 
23 17 541 
23 17 541 
23 17 541 
23 17 541 
23 17 541 
23 17 541 
23 17 541 
23 17 541 
23 17 541 
23 17 541 
23 17 541 
23 17 541 
23 17 541 
23 17 541 
23 17 541 
23 17 541 
23 17 541 
23 17 541 
23 17 541 
23 17 541 
23 17 541 
23 17 541 
23 17 541 
23 17 541 
23 17 541 
23 17 541 
23 17 541 
23 17 541 
23 17 541 
23 17 541 
23 17 541 
23 17 541 
23 17 541 
23 17 541 
23 17 541 
23 17 541 
23 17 541 
23 17 541 
23 17 541 
23 17 541 
23 17 541 
23 17 541 
23 17 541 
23 17 541 
23 17 541 
23 17 541 
23 17 541 
23 17 541 
23 17 541 
23 17 541 
23 17 541 
23 17 541 
23 17 541 
23 17 541 
23 17 541 
23 17 541 
23 17 541 
23 17 541 
23 17 541 
23 17 541 
23 17 541 
23 17 541 
23 17 541 
23 17 541 
23 17 541 
23 17 541 
23 17 541 
23 17 541 
23 17 541 
23 17 541 
23 17 541 
23 17 541 
23 17 541 
23 17 541 
23 17 541 
23 17 541 
23 17 541 
23 17 541 
23 17 541 
23 17 541 
23 17 541 
23 17 541 
23 17 541 
23 17 541 
23 17 541 
23 17 541 
23 17 541 
23 17 541 
23 17 541 
23 17 541 
23 17 541 
23 17 541 
23 17 541 
23 17 541 
23 17 541 
23 17 541 
23 17 541 
23 17 541 
23 17 541 
23 17 541 
23 17 541 
23 17 541 
23 17 541 
23 17 541 
23 17 541 
23 17 541 
23 17 541 
23 17 541 
23 17 541 
23 17 541 
23 17 541 
23 17 541 
23 17 541 
23 17 541 
23 17 541 
23 17 541 
23 17 541 
23 17 541 
23 17 541 
23 17 541 
23 17 541 
23 17 541 
23 17 541 
23 17 541 
23 17 541 
23 17 541 
23 17 541 
23 17 541 
23 17 541 
23 17 541 
23 17 541 
23 17 541 
23 17 541 
23 17 541 
23 17 541 
23 17 541 
23 17 541 
23 17 541 
23 17 541 
23 17 541 
23 17 541 
23 17 541 
23 17 541 
23 17 541 
23 17 541 
23 17 541 
23 17 541 
23 17 541 
23 17 541 
23 17 541 
23 17 541 
23 17 541 
23 17 541 
23 17 541 
23 17 541 
23 17 541 
23 17 541 
23 17 541 
23 17 541 
23 17 541 
23 17 541 
23 17 541 
23 17 541 
23 17 541 
23 17 541 
23 17 541 
23 17 541 
23 17 541 
23 17 541 
23 17 541 
23 17 541 
23 17 541 
23 17 541 
23 17 541 
23 17 541 
23 17 541 
23 17 541 
23 17 541 
23 17 541 
23 17 541 
23 17 541 
23 17 541 
23 17 541 
23 17 541 
23 17 541 
23 17 541 
23 17 541 
23 17 541 
23 17 541 
23 17 541 
23 17 541 
23 17 541 
23 17 541 
23 17 541 
23 17 541 
23 17 541 
23 17 541 
23 17 541 
23 17 541 
23 17 541 
23 17 541 
23 17 541 
23 17 541 
23 17 541 
23 17 541 
23 17 541 
23 17 541 
23 17 541 
23 17 541 
23 17 541 
23 17 541 
23 17 541 
23 17 541 
23 17 541 
23 17 541 
23 17 541 
23 17 541 
23 17 541 
23 17 541 
23 17 541 
23 17 541 
23 17 541 
23 17 541 
23 17 541 
23 17 541 
0 4 0 
0 0 4 
27 0 4 
19 19 4 
21 14 23 
108 15 36 
53 79 49 
125 39 114 
68 91 138 
131 50 190 
53 96 213 
124 39 253 
44 91 266 
107 32 297 
43 78 305 
88 31 327 
45 64 334 
72 33 350 
47 53 357 
61 35 368 
48 45 375 
54 35 383 
48 39 390 
49 35 396 
46 36 402 
46 34 408 
45 34 413 
44 33 418 
43 32 423 
42 31 427 
41 31 431 
41 30 435 
40 30 439 
39 29 442 
39 29 446 
38 28 449 
37 28 452 
37 27 455 
36 27 457 
36 27 460 
36 26 463 
35 26 465 
35 26 467 
34 25 470 
34 25 472 
34 25 474 
33 25 476 
33 24 478 
33 24 480 
32 24 481 
32 24 483 
32 24 485 
32 23 486 
31 23 488 
31 23 489 
31 23 491 
31 23 492 
30 22 493 
30 22 495 
30 22 496 
30 22 497 
30 22 498 
29 22 499 
29 22 500 
29 21 502 
29 21 503 
29 21 504 
29 21 505 
29 21 505 
28 21 506 
28 21 507 
28 21 508 
28 21 509 
28 21 510 
28 20 511 
28 20 511 
28 20 512 
27 20 513 
27 20 513 
27 20 514 
27 20 515 
27 20 515 
27 20 516 
27 20 517 
27 20 517 
27 20 518 
27 20 518 
27 20 519 
26 19 519 
26 19 520 
26 19 520 
26 19 521 
26 19 521 
26 19 522 
26 19 522 
26 19 523 
26 19 523 
26 19 523 
26 19 524 
26 19 524 
26 19 525 
26 19 525 
26 19 525 
26 19 526 
26 19 526 
25 19 526 
25 19 527 
25 19 527 
25 19 527 
25 19 528 
25 19 528 
25 19 528 
25 18 528 
25 18 529 
25 18 529 
25 18 529 
25 18 529 
25 18 530 
25 18 530 
25 18 530 
25 18 530 
25 18 531 
25 18 531 
25 18 531 
25 18 531 
25 18 531 
25 18 532 
25 18 532 
25 18 532 
25 18 532 
25 18 532 
25 18 533 
25 18 533 
25 18 533 
25 18 533 
25 18 533 
24 18 533 
24 18 533 
24 18 534 
24 18 534 
24 18 534 
24 18 534 
24 18 534 
24 18 534 
24 18 534 
24 18 535 
24 18 535 
24 18 535 
24 18 535 
24 18 535 
24 18 535 
24 18 535 
24 18 535 
24 18 535 
24 18 536 
24 18 536 
24 18 536 
24 18 536 
24 18 536 
24 18 536 
24 18 536 
24 18 536 
24 18 536 
24 18 536 
24 18 536 
24 18 536 
24 18 537 
24 18 537 
24 18 537 
24 18 537 
24 18 537 
24 18 537 
24 18 537 
24 18 537 
24 18 537 
24 18 537 
24 18 537 
24 18 537 
24 18 537 
24 18 537 
24 18 537 
24 18 537 
24 18 537 
24 18 537 
24 18 538 
24 18 538 
24 18 538 
24 18 538 
24 18 538 
24 18 538 
24 18 538 
24 18 538 
24 18 538 
24 17 538 
24 17 538 
24 17 538 
24 17 538 
24 17 538 
24 17 538 
24 17 538 
24 17 538 
24 17 538 
24 17 538 
24 17 538 
24 17 538 
24 17 538 
24 17 538 
24 17 538 
24 17 538 
24 17 538 
24 17 538 
24 17 538 
24 17 538 
24 17 539 
24 17 539 
24 17 539 
24 17 539 
24 17 539 
24 17 539 
24 17 539 
24 17 539 
24 17 539 
24 17 539 
24 17 539 
24 17 539 
24 17 539 
24 17 539 
24 17 539 
24 17 539 
24 17 539 
24 17 539 
24 17 539 
24 17 539 
24 17 539 
24 17 539 
24 17 539 
24 17 539 
24 17 539 
24 17 539 
24 17 539 
24 17 539 
24 17 539 
24 17 539 
24 17 539 
24 17 539 
24 17 539 
24 17 539 
24 17 539 
24 17 539 
24 17 539 
24 17 539 
24 17 539 
24 17 539 
24 17 539 
24 17 539 
24 17 539 
24 17 539 
24 17 539 
24 17 539 
24 17 539 
24 17 539 
24 17 539 
24 17 539 
24 17 539 
24 17 539 
24 17 539 
24 17 539 
24 17 539 
24 17 539 
24 17 539 
24 17 539 
24 17 539 
24 17 539 
24 17 539 
24 17 539 
24 17 539 
24 17 539 
24 17 539 
24 17 539 
24 17 539 
24 17 539 
24 17 539 
24 17 539 
24 17 539 
24 17 539 
24 17 539 
24 17 539 
24 17 539 
24 17 539 
24 17 539 
24 17 539 
24 17 539 
24 17 539 
24 17 539 
24 17 539 
24 17 539 
24 17 539 
24 17 539 
24 17 539 
24 17 539 
24 17 539 
24 17 539 
24 17 539 
24 17 539 
24 17 539 
24 17 539 
24 17 539 
24 17 539 
24 17 539 
24 17 539 
24 17 539 
24 17 539 
24 17 539 
24 17 539 
24 17 539 
24 17 539 
24 17 539 
24 17 539 
24 17 539 
24 17 539 
24 17 539 
24 17 539 
24 17 539 
24 17 539 
24 17 539 
24 17 539 
24 17 539 
24 17 539 
24 17 539 
24 17 539 
24 17 539 
24 17 539 
24 17 539 
24 17 539 
24 17 539 
24 17 539 
24 17 539 
24 17 539 
24 17 539 
24 17 539 
24 17 539 
24 17 539 
24 17 539 
24 17 539 
24 17 539 
24 17 539 
24 17 539 
24 17 539 
24 17 539 
24 17 539 
24 17 539 
24 17 539 
24 17 539 
24 17 539 
24 17 539 
24 17 539 
24 17 539 
24 17 539 
24 17 539 
24 17 539 
24 17 539 
24 17 539 
24 17 539 
24 17 539 
24 17 539 
24 17 539 
24 17 539 
24 17 539 
24 17 539 
24 17 539 
24 17 539 
24 17 539 
24 17 539 
24 17 539 
24 17 539 
24 17 539 
24 17 539 
24 17 539 
24 17 539 
24 17 539 
24 17 539 
24 17 539 
24 17 539 
24 17 539 
24 17 539 
24 17 539 
24 17 539 
24 17 539 
24 17 539 
24 17 539 
24 17 539 
24 17 539 
24 17 539 
24 17 539 
24 17 539 
24 17 539 
24 17 539 
24 17 539 
24 17 539 
24 17 539 
24 17 539 
24 17 539 
24 17 539 
24 17 539 
24 17 539 
24 17 539 
24 17 539 
24 17 539 
24 17 539 
24 17 539 
24 17 539 
24 17 539 
24 17 539 
24 17 539 
24 17 539 
24 17 539 
24 17 539 
24 17 539 
24 17 539 
24 17 539 
24 17 539 
24 17 539 
24 17 539 
24 17 539 
24 17 539 
24 17 539 
24 17 539 
24 17 539 
24 17 539 
24 17 539 
24 17 539 
24 17 539 
24 17 539 
24 17 539 
24 17 539 
24 17 539 
24 17 539 
24 17 539 
24 17 539 
24 17 539 
24 17 539 
24 17 539 
24 17 539 
24 17 539 
24 17 539 
24 17 539 
24 17 539 
24 17 539 
24 17 539 
24 17 539 
24 17 539 
24 17 539 
24 17 539 
24 17 539 
24 17 539 
24 17 539 
24 17 539 
24 17 539 
24 17 539 
24 17 539 
24 17 539 
24 17 539 
24 17 539 
24 17 539 
24 17 539 
24 17 539 
24 17 539 
24 17 539 
24 17 539 
24 17 539 
24 17 539 
24 17 539 
24 17 539 
24 17 539 
24 17 539 
24 17 539 
24 17 539 
24 17 539 
24 17 539 
24 17 539 
24 17 539 
24 17 539 
24 17 539 
24 17 539 
24 17 539 
24 17 539 
24 17 539 
24 17 539 
24 17 539 
24 17 539 
24 17 539 
24 17 539 
24 17 539 
24 17 539 
24 17 539 
24 17 539 
24 17 539 
24 17 539 
24 17 539 
24 17 539 
24 17 539 
24 17 539 
24 17 539 
24 17 539 
24 17 539 
24 17 539 
24 17 539 
24 17 539 
24 17 539 
24 17 539 
24 17 539 
24 17 539 
24 17 539 
24 17 539 
24 17 539 
24 17 539 
24 17 539 
24 17 539 
24 17 539 
24 17 539 
24 17 539 
24 17 539 
24 17 539 
24 17 539 
24 17 539 
24 17 539 
24 17 539 
24 17 539 
24 17 539 
24 17 539 
24 17 539 
24 17 539 
24 17 539 
24 17 539 
24 17 539 
24 17 539 
24 17 539 
24 17 539 
24 17 539 
24 17 539 
24 17 539 
24 17 539 
24 17 539 
24 17 539 
24 17 539 
24 17 539 
24 17 539 
24 17 539 
24 17 539 
24 17 539 
24 17 539 
24 17 539 
24 17 539 
24 17 539 
24 17 539 
24 17 539 
24 17 539 
24 17 539 
24 17 539 
24 17 539 
24 17 539 
24 17 539 
24 17 539 
24 17 539 
24 17 539 
24 17 539 
24 17 539 
24 17 539 
24 17 539 
24 17 539 
24 17 539 
24 17 539 
24 17 539 
24 17 539 
24 17 539 
24 17 539 
24 17 539 
24 17 539 
24 17 539 
24 17 539 
24 17 539 
24 17 539 
24 17 539 
24 17 539 
24 17 539 
24 17 539 
24 17 539 
24 17 539 
24 17 539 
24 17 539 
24 17 539 
24 17 539 
24 17 539 
24 17 539 
24 17 539 
24 17 539 
24 17 539 
24 17 539 
24 17 539 
0 4 0 
0 0 4 
27 0 4 
19 19 4 
21 14 23 
108 15 36 
53 79 49 
125 39 114 
68 91 138 
131 50 190 
53 96 213 
124 39 253 
44 91 266 
107 32 296 
43 78 305 
88 31 327 
45 64 334 
72 33 350 
47 53 357 
61 35 368 
48 45 375 
54 35 383 
48 40 389 
49 35 396 
46 36 402 
46 34 408 
45 34 413 
44 33 418 
43 32 422 
42 31 427 
41 31 431 
41 30 435 
40 30 438 
39 29 442 
39 29 445 
38 28 448 
38 28 451 
37 28 454 
37 27 457 
36 27 460 
36 26 462 
35 26 465 
35 26 467 
34 26 469 
34 25 471 
34 25 473 
33 25 475 
33 24 477 
33 24 479 
32 24 481 
32 24 482 
32 24 484 
32 23 486 
31 23 487 
31 23 489 
31 23 490 
31 23 491 
31 23 493 
30 22 494 
30 22 495 
30 22 496 
30 22 498 
30 22 499 
29 22 500 
29 22 501 
29 21 502 
29 21 503 
29 21 504 
29 21 505 
29 21 506 
28 21 506 
28 21 507 
28 21 508 
28 21 509 
28 21 510 
28 20 510 
28 20 511 
28 20 512 
27 20 512 
27 20 513 
27 20 514 
27 20 514 
27 20 515 
27 20 516 
27 20 516 
27 20 517 
27 20 517 
27 20 518 
27 20 518 
27 20 519 
26 19 519 
26 19 520 
26 19 520 
26 19 521 
26 19 521 
26 19 522 
26 19 522 
26 19 522 
26 19 523 
26 19 523 
26 19 523 
26 19 524 
26 19 524 
26 19 525 
26 19 525 
26 19 525 
26 19 525 
26 19 526 
25 19 526 
25 19 526 
25 19 527 
25 19 527 
25 19 527 
25 19 527 
25 19 528 
25 19 528 
25 18 528 
25 18 528 
25 18 529 
25 18 529 
25 18 529 
25 18 529 
25 18 530 
25 18 530 
25 18 530 
25 18 530 
25 18 530 
25 18 531 
25 18 531 
25 18 531 
25 18 531 
25 18 531 
25 18 531 
25 18 532 
25 18 532 
25 18 532 
25 18 532 
25 18 532 
25 18 532 
25 18 532 
25 18 533 
25 18 533 
25 18 533 
25 18 533 
25 18 533 
25 18 533 
25 18 533 
24 18 533 
24 18 533 
24 18 534 
24 18 534 
24 18 534 
24 18 534 
24 18 534 
24 18 534 
24 18 534 
24 18 534 
24 18 534 
24 18 534 
24 18 534 
24 18 535 
24 18 535 
24 18 535 
24 18 535 
24 18 535 
24 18 535 
24 18 535 
24 18 535 
24 18 535 
24 18 535 
24 18 535 
24 18 535 
24 18 535 
24 18 535 
24 18 535 
24 18 536 
24 18 536 
24 18 536 
24 18 536 
24 18 536 
24 18 536 
24 18 536 
24 18 536 
24 18 536 
24 18 536 
24 18 536 
24 18 536 
24 18 536 
24 18 536 
24 18 536 
24 18 536 
24 18 536 
24 18 536 
24 18 536 
24 18 536 
24 18 536 
24 18 536 
24 18 536 
24 18 537 
24 18 537 
24 18 537 
24 18 537 
24 18 537 
24 18 537 
24 18 537 
24 18 537 
24 18 537 
24 18 537 
24 18 537 
24 18 537 
24 18 537 
24 18 537 
24 18 537 
24 18 537 
24 18 537 
24 18 537 
24 18 537 
24 18 537 
24 18 537 
24 18 537 
24 18 537 
24 18 537 
24 18 537 
24 18 537 
24 18 537 
24 18 537 
24 18 537 
24 18 537 
24 18 537 
24 18 537 
24 18 537 
24 18 537 
24 18 537 
24 18 537 
24 18 537 
24 18 537 
24 18 537 
24 18 537 
24 18 537 
24 18 537 
24 18 537 
24 18 537 
24 18 537 
24 18 537 
24 18 537 
24 18 537 
24 18 537 
24 18 537 
24 18 537 
24 18 537 
24 18 537 
24 18 537 
24 18 537 
24 18 537 
24 18 537 
24 18 537 
24 18 537 
24 18 538 
24 18 538 
24 18 538 
24 18 538 
24 18 538 
24 18 538 
24 18 538 
24 18 538 
24 18 538 
24 18 538 
24 18 538 
24 18 538 
24 18 538 
24 18 538 
24 18 538 
24 18 538 
24 18 538 
24 18 538 
24 18 538 
24 18 538 
24 18 538 
24 18 538 
24 18 538 
24 18 538 
24 18 538 
24 18 538 
24 18 538 
24 18 538 
24 18 538 
24 18 538 
24 18 538 
24 18 538 
24 18 538 
24 18 538 
24 18 538 
24 18 538 
24 18 538 
24 18 538 
24 18 538 
24 18 538 
24 18 538 
24 18 538 
24 18 538 
24 18 538 
24 18 538 
24 18 538 
24 18 538 
24 18 538 
24 18 538 
24 18 538 
24 18 538 
24 18 538 
24 18 538 
24 18 538 
24 18 538 
24 18 538 
24 18 538 
24 18 538 
24 18 538 
24 18 538 
24 18 538 
24 18 538 
24 18 538 
24 18 538 
24 18 538 
24 18 538 
24 18 538 
24 18 538 
24 18 538 
24 18 538 
24 18 538 
24 18 538 
24 18 538 
24 18 538 
24 18 538 
24 18 538 
24 18 538 
24 18 538 
24 18 538 
24 18 538 
24 18 538 
24 18 538 
24 18 538 
24 18 538 
24 18 538 
24 18 538 
24 18 538 
24 18 538 
24 18 538 
24 18 538 
24 18 538 
24 18 538 
24 18 538 
24 18 538 
24 18 538 
24 18 538 
24 18 538 
24 18 538 
24 18 538 
24 18 538 
24 18 538 
24 18 538 
24 18 538 
24 18 538 
24 18 538 
24 18 538 
24 18 538 
24 18 538 
24 18 538 
24 18 538 
24 18 538 
24 18 538 
24 18 538 
24 18 538 
24 18 538 
24 18 538 
24 18 538 
24 18 538 
24 18 538 
24 18 538 
24 18 538 
24 18 538 
24 18 538 
24 18 538 
24 18 538 
24 18 538 
24 18 538 
24 18 538 
24 18 538 
24 18 538 
24 18 538 
24 18 538 
24 18 538 
24 18 538 
24 18 538 
24 18 538 
24 18 538 
24 18 538 
24 18 538 
24 18 538 
24 18 538 
24 18 538 
24 18 538 
24 18 538 
24 18 538 
24 18 538 
24 18 538 
24 18 538 
24 18 538 
24 18 538 
24 18 538 
24 18 538 
24 18 538 
24 18 538 
24 18 538 
24 18 538 
24 18 538 
24 18 538 
24 18 538 
24 18 538 
24 18 538 
24 18 538 
24 18 538 
24 18 538 
24 18 538 
24 18 538 
24 18 538 
24 18 538 
24 18 538 
24 18 538 
24 18 538 
24 18 538 
24 18 538 
24 18 538 
24 18 538 
24 18 538 
24 18 538 
24 18 538 
24 18 538 
24 18 538 
24 18 538 
24 18 538 
24 18 538 
24 18 538 
24 18 538 
24 18 538 
24 18 538 
24 18 538 
24 18 538 
24 18 538 
24 18 538 
24 18 538 
24 18 538 
24 18 538 
24 18 538 
24 18 538 
24 18 538 
24 18 538 
24 18 538 
24 18 538 
24 18 538 
24 18 538 
24 18 538 
24 18 538 
24 18 538 
24 18 538 
24 18 538 
24 18 538 
24 18 538 
24 18 538 
24 18 538 
24 18 538 
24 18 538 
24 18 538 
24 18 538 
24 18 538 
24 18 538 
24 18 538 
24 18 538 
24 18 538 
24 18 538 
24 18 538 
24 18 538 
24 18 538 
24 18 538 
24 18 538 
24 18 538 
24 18 538 
24 18 538 
24 18 538 
24 18 538 
24 18 538 
24 18 538 
24 18 538 
24 18 538 
24 18 538 
24 18 538 
24 18 538 
24 18 538 
24 18 538 
24 18 538 
24 18 538 
24 18 538 
24 18 538 
24 18 538 
24 18 538 
24 18 538 
24 18 538 
24 18 538 
24 18 538 
24 18 538 
24 18 538 
24 18 538 
24 18 538 
24 18 538 
24 18 538 
24 18 538 
24 18 538 
24 18 538 
24 18 538 
24 18 538 
24 18 538 
24 18 538 
24 18 538 
24 18 538 
24 18 538 
24 18 538 
24 18 538 
24 18 538 
24 18 538 
24 18 538 
24 18 538 
24 18 538 
24 18 538 
24 18 538 
24 18 538 
24 18 538 
24 18 538 
24 18 538 
24 18 538 
24 18 538 
24 18 538 
24 18 538 
24 18 538 
24 18 538 
24 18 538 
24 18 538 
24 18 538 
24 18 538 
24 18 538 
24 18 538 
24 18 538 
24 18 538 
24 18 538 
24 18 538 
24 18 538 
24 18 538 
24 18 538 
24 18 538 
24 18 538 
24 18 538 
24 18 538 
24 18 538 
24 18 538 
24 18 538 
24 18 538 
24 18 538 
24 18 538 
24 18 538 
24 18 538 
24 18 538 
24 18 538 
24 18 538 
24 18 538 
24 18 538 
24 18 538 
24 18 538 
24 18 538 
24 18 538 
24 18 538 
24 18 538 
24 18 538 
24 18 538 
24 18 538 
24 18 538 
24 18 538 
24 18 538 
24 18 538 
24 18 538 
24 18 538 
24 18 538 
24 18 538 
24 18 538 
24 18 538 
24 18 538 
24 18 538 
24 18 538 
24 18 538 
24 18 538 
24 18 538 
24 18 538 
24 18 538 
0 4 0 
0 0 4 
27 0 4 
19 19 4 
21 14 23 
108 15 36 
53 79 49 
125 39 114 
68 91 138 
131 50 190 
53 96 213 
124 39 253 
44 91 266 
107 32 296 
43 78 305 
88 31 327 
45 64 334 
72 33 350 
47 53 357 
61 35 368 
48 45 375 
54 35 383 
48 40 389 
49 35 396 
46 36 402 
46 34 407 
45 34 413 
44 33 417 
43 32 422 
42 31 426 
41 31 430 
41 30 434 
40 30 438 
39 29 441 
39 29 445 
38 28 448 
38 28 451 
37 28 454 
37 27 457 
36 27 459 
36 26 462 
35 26 464 
35 26 466 
35 26 469 
34 25 471 
34 25 473 
33 25 475 
33 25 477 
33 24 478 
33 24 480 
32 24 482 
32 24 483 
32 23 485 
32 23 486 
31 23 488 
31 23 489 
31 23 491 
31 23 492 
30 22 493 
30 22 494 
30 22 496 
30 22 497 
30 22 498 
30 22 499 
29 22 500 
29 22 501 
29 21 502 
29 21 503 
29 21 504 
29 21 505 
29 21 506 
28 21 506 
28 21 507 
28 21 508 
28 21 509 
28 21 509 
28 20 510 
28 20 511 
28 20 512 
28 20 512 
27 20 513 
27 20 513 
27 20 514 
27 20 515 
27 20 515 
27 20 516 
27 20 516 
27 20 517 
27 20 517 
27 20 518 
27 20 518 
27 20 519 
26 19 519 
26 19 520 
26 19 520 
26 19 520 
26 19 521 
26 19 521 
26 19 522 
26 19 522 
26 19 522 
26 19 523 
26 19 523 
26 19 523 
26 19 524 
26 19 524 
26 19 524 
26 19 525 
26 19 525 
26 19 525 
26 19 525 
26 19 526 
26 19 526 
25 19 526 
25 19 526 
25 19 527 
25 19 527 
25 19 527 
25 19 527 
25 19 528 
25 19 528 
25 19 528 
25 18 528 
25 18 528 
25 18 529 
25 18 529 
25 18 529 
25 18 529 
25 18 529 
25 18 530 
25 18 530 
25 18 530 
25 18 530 
25 18 530 
25 18 530 
25 18 530 
25 18 531 
25 18 531 
25 18 531 
25 18 531 
25 18 531 
25 18 531 
25 18 531 
25 18 531 
25 18 532 
25 18 532 
25 18 532 
25 18 532 
25 18 532 
25 18 532 
25 18 532 
25 18 532 
25 18 532 
25 18 533 
25 18 533 
25 18 533 
25 18 533 
25 18 533 
25 18 533 
25 18 533 
25 18 533 
25 18 533 
24 18 533 
24 18 533 
24 18 533 
24 18 533 
24 18 534 
24 18 534 
24 18 534 
24 18 534 
24 18 534 
24 18 534 
24 18 534 
24 18 534 
24 18 534 
24 18 534 
24 18 534 
24 18 534 
24 18 534 
24 18 534 
24 18 534 
24 18 534 
24 18 534 
24 18 534 
24 18 534 
24 18 535 
24 18 535 
24 18 535 
24 18 535 
24 18 535 
24 18 535 
24 18 535 
24 18 535 
24 18 535 
24 18 535 
24 18 535 
24 18 535 
24 18 535 
24 18 535 
24 18 535 
24 18 535 
24 18 535 
24 18 535 
24 18 535 
24 18 535 
24 18 535 
24 18 535 
24 18 535 
24 18 535 
24 18 535 
24 18 535 
24 18 535 
24 18 535 
24 18 535 
24 18 535 
24 18 535 
24 18 535 
24 18 535 
24 18 535 
24 18 535 
24 18 535 
24 18 535 
24 18 536 
24 18 536 
24 18 536 
24 18 536 
24 18 536 
24 18 536 
24 18 536 
24 18 536 
24 18 536 
24 18 536 
24 18 536 
24 18 536 
24 18 536 
24 18 536 
24 18 536 
24 18 536 
24 18 536 
24 18 536 
24 18 536 
24 18 536 
24 18 536 
24 18 536 
24 18 536 
24 18 536 
24 18 536 
24 18 536 
24 18 536 
24 18 536 
24 18 536 
24 18 536 
24 18 536 
24 18 536 
24 18 536 
24 18 536 
24 18 536 
24 18 536 
24 18 536 
24 18 536 
24 18 536 
24 18 536 
24 18 536 
24 18 536 
24 18 536 
24 18 536 
24 18 536 
24 18 536 
24 18 536 
24 18 536 
24 18 536 
24 18 536 
24 18 536 
24 18 536 
24 18 536 
24 18 536 
24 18 536 
24 18 536 
24 18 536 
24 18 536 
24 18 536 
24 18 536 
24 18 536 
24 18 536 
24 18 536 
24 18 536 
24 18 536 
24 18 536 
24 18 536 
24 18 536 
24 18 536 
24 18 536 
24 18 536 
24 18 536 
24 18 536 
24 18 536 
24 18 536 
24 18 536 
24 18 536 
24 18 536 
24 18 536 
24 18 536 
24 18 536 
24 18 536 
24 18 536 
24 18 536 
24 18 536 
24 18 536 
24 18 536 
24 18 536 
24 18 536 
24 18 536 
24 18 536 
24 18 536 
24 18 536 
24 18 536 
24 18 536 
24 18 536 
24 18 536 
24 18 536 
24 18 536 
24 18 536 
24 18 536 
24 18 536 
24 18 536 
24 18 536 
24 18 536 
24 18 536 
24 18 536 
24 18 536 
24 18 536 
24 18 536 
24 18 536 
24 18 536 
24 18 536 
24 18 536 
24 18 536 
24 18 536 
24 18 536 
24 18 536 
24 18 536 
24 18 536 
24 18 536 
24 18 536 
24 18 536 
24 18 536 
24 18 536 
24 18 536 
24 18 536 
24 18 536 
24 18 536 
24 18 536 
24 18 536 
24 18 536 
24 18 536 
24 18 536 
24 18 536 
24 18 536 
24 18 536 
24 18 536 
24 18 536 
24 18 536 
24 18 536 
24 18 536 
24 18 536 
24 18 536 
24 18 536 
24 18 536 
24 18 536 
24 18 536 
24 18 536 
24 18 536 
24 18 536 
24 18 536 
24 18 536 
24 18 536 
24 18 536 
24 18 536 
24 18 536 
24 18 536 
24 18 536 
24 18 536 
24 18 536 
24 18 536 
24 18 536 
24 18 536 
24 18 536 
24 18 536 
24 18 536 
24 18 536 
24 18 536 
24 18 536 
24 18 536 
24 18 536 
24 18 536 
24 18 536 
24 18 536 
24 18 536 
24 18 536 
24 18 536 
24 18 536 
24 18 536 
24 18 536 
24 18 536 
24 18 536 
24 18 536 
24 18 536 
24 18 536 
24 18 536 
24 18 536 
24 18 536 
24 18 536 
24 18 536 
24 18 536 
24 18 536 
24 18 536 
24 18 536 
24 18 536 
24 18 536 
24 18 536 
24 18 536 
24 18 536 
24 18 536 
24 18 536 
24 18 536 
24 18 536 
24 18 536 
24 18 536 
24 18 536 
24 18 536 
24 18 536 
24 18 536 
24 18 536 
24 18 536 
24 18 536 
24 18 536 
24 18 536 
24 18 536 
24 18 536 
24 18 536 
24 18 536 
24 18 536 
24 18 536 
24 18 536 
24 18 536 
24 18 536 
24 18 536 
24 18 536 
24 18 536 
24 18 536 
24 18 536 
24 18 536 
24 18 536 
24 18 536 
24 18 536 
24 18 536 
24 18 536 
24 18 536 
24 18 536 
24 18 536 
24 18 536 
24 18 536 
24 18 536 
24 18 536 
24 18 536 
24 18 536 
24 18 536 
24 18 536 
24 18 536 
24 18 536 
24 18 536 
24 18 536 
24 18 536 
24 18 536 
24 18 536 
24 18 536 
24 18 536 
24 18 536 
24 18 536 
24 18 536 
24 18 536 
24 18 536 
24 18 536 
24 18 536 
24 18 536 
24 18 536 
24 18 536 
24 18 536 
24 18 536 
24 18 536 
24 18 536 
24 18 536 
24 18 536 
24 18 536 
24 18 536 
24 18 536 
24 18 536 
24 18 536 
24 18 536 
24 18 536 
24 18 536 
24 18 536 
24 18 536 
24 18 536 
24 18 536 
24 18 536 
24 18 536 
24 18 536 
24 18 536 
24 18 536 
24 18 536 
24 18 536 
24 18 536 
24 18 536 
24 18 536 
24 18 536 
24 18 536 
24 18 536 
24 18 536 
24 18 536 
24 18 536 
24 18 536 
24 18 536 
24 18 536 
24 18 536 
24 18 536 
24 18 536 
24 18 536 
24 18 536 
24 18 536 
24 18 536 
24 18 536 
24 18 536 
24 18 536 
24 18 536 
24 18 536 
24 18 536 
24 18 536 
24 18 536 
24 18 536 
24 18 536 
24 18 536 
24 18 536 
24 18 536 
24 18 536 
24 18 536 
24 18 536 
24 18 536 
24 18 536 
24 18 536 
24 18 536 
24 18 536 
24 18 536 
24 18 536 
24 18 536 
24 18 536 
24 18 536 
24 18 536 
24 18 536 
24 18 536 
24 18 536 
24 18 536 
24 18 536 
24 18 536 
24 18 536 
24 18 536 
24 18 536 
24 18 536 
24 18 536 
24 18 536 
24 18 536 
24 18 536 
24 18 536 
24 18 536 
24 18 536 
24 18 536 
24 18 536 
24 18 536 
24 18 536 
24 18 536 
24 18 536 
24 18 536 
24 18 536 
24 18 536 
24 18 536 
24 18 536 
24 18 536 
24 18 536 
24 18 536 
24 18 536 
24 18 536 
24 18 536 
24 18 536 
24 18 536 
24 18 536 
24 18 536 
24 18 536 
24 18 536 
24 18 536 
0 4 0 
0 0 4 
27 0 4 
19 19 4 
21 14 23 
108 15 36 
53 79 49 
125 39 114 
68 91 138 
131 50 190 
53 96 213 
124 39 253 
44 91 266 
107 32 296 
43 78 305 
88 31 327 
45 64 334 
72 33 350 
47 53 357 
61 35 368 
48 45 374 
54 35 383 
48 40 389 
49 35 396 
46 36 401 
46 34 407 
45 34 412 
44 33 417 
43 32 422 
42 32 426 
41 31 430 
41 30 434 
40 30 438 
39 29 441 
39 29 444 
38 28 448 
38 28 451 
37 28 453 
37 27 456 
36 27 459 
36 27 461 
35 26 464 
35 26 466 
35 26 468 
34 25 470 
34 25 472 
34 25 474 
33 25 476 
33 24 478 
33 24 480 
32 24 481 
32 24 483 
32 24 484 
32 23 486 
31 23 487 
31 23 489 
31 23 490 
31 23 491 
31 23 493 
30 22 494 
30 22 495 
30 22 496 
30 22 497 
30 22 498 
29 22 499 
29 22 500 
29 22 501 
29 21 502 
29 21 503 
29 21 504 
29 21 505 
29 21 505 
28 21 506 
28 21 507 
28 21 508 
28 21 509 
28 21 509 
28 20 510 
28 20 511 
28 20 511 
28 20 512 
27 20 512 
27 20 513 
27 20 514 
27 20 514 
27 20 515 
27 20 515 
27 20 516 
27 20 516 
27 20 517 
27 20 517 
27 20 518 
27 20 518 
27 20 518 
27 19 519 
26 19 519 
26 19 520 
26 19 520 
26 19 520 
26 19 521 
26 19 521 
26 19 522 
26 19 522 
26 19 522 
26 19 523 
26 19 523 
26 19 523 
26 19 523 
26 19 524 
26 19 524 
26 19 524 
26 19 524 
26 19 525 
26 19 525 
26 19 525 
26 19 525 
26 19 526 
26 19 526 
25 19 526 
25 19 526 
25 19 527 
25 19 527 
25 19 527 
25 19 527 
25 19 527 
25 19 528 
25 19 528 
25 19 528 
25 18 528 
25 18 528 
25 18 528 
25 18 529 
25 18 529 
25 18 529 
25 18 529 
25 18 529 
25 18 529 
25 18 529 
25 18 530 
25 18 530 
25 18 530 
25 18 530 
25 18 530 
25 18 530 
25 18 530 
25 18 530 
25 18 530 
25 18 531 
25 18 531 
25 18 531 
25 18 531 
25 18 531 
25 18 531 
25 18 531 
25 18 531 
25 18 531 
25 18 531 
25 18 531 
25 18 532 
25 18 532 
25 18 532 
25 18 532 
25 18 532 
25 18 532 
25 18 532 
25 18 532 
25 18 532 
25 18 532 
25 18 532 
25 18 532 
25 18 532 
25 18 532 
25 18 532 
25 18 532 
25 18 533 
25 18 533 
25 18 533 
25 18 533 
25 18 533 
25 18 533 
25 18 533 
25 18 533 
25 18 533 
25 18 533 
25 18 533 
25 18 533 
25 18 533 
25 18 533 
25 18 533 
25 18 533 
24 18 533 
24 18 533 
24 18 533 
24 18 533 
24 18 533 
24 18 533 
24 18 533 
24 18 533 
24 18 533 
24 18 533 
24 18 533 
24 18 534 
24 18 534 
24 18 534 
24 18 534 
24 18 534 
24 18 534 
24 18 534 
24 18 534 
24 18 534 
24 18 534 
24 18 534 
24 18 534 
24 18 534 
24 18 534 
24 18 534 
24 18 534 
24 18 534 
24 18 534 
24 18 534 
24 18 534 
24 18 534 
24 18 534 
24 18 534 
24 18 534 
24 18 534 
24 18 534 
24 18 534 
24 18 534 
24 18 534 
24 18 534 
24 18 534 
24 18 534 
24 18 534 
24 18 534 
24 18 534 
24 18 534 
24 18 534 
24 18 534 
24 18 534 
24 18 534 
24 18 534 
24 18 534 
24 18 534 
24 18 534 
24 18 534 
24 18 534 
24 18 534 
24 18 534 
24 18 534 
24 18 534 
24 18 534 
24 18 534 
24 18 534 
24 18 534 
24 18 534 
24 18 534 
24 18 534 
24 18 534 
24 18 534 
24 18 534 
24 18 534 
24 18 534 
24 18 534 
24 18 534 
24 18 534 
24 18 534 
24 18 534 
24 18 534 
24 18 534 
24 18 534 
24 18 534 
24 18 534 
24 18 534 
24 18 534 
24 18 534 
24 18 534 
24 18 534 
24 18 534 
24 18 534 
24 18 534 
24 18 534 
24 18 534 
24 18 534 
24 18 534 
24 18 534 
24 18 534 
24 18 534 
24 18 534 
24 18 534 
24 18 534 
24 18 534 
24 18 534 
24 18 534 
24 18 534 
24 18 534 
24 18 534 
24 18 534 
24 18 534 
24 18 534 
24 18 534 
24 18 534 
24 18 534 
24 18 534 
24 18 534 
24 18 534 
24 18 534 
24 18 534 
24 18 534 
24 18 534 
24 18 534 
24 18 534 
24 18 535 
24 18 535 
24 18 535 
24 18 535 
24 18 535 
24 18 535 
24 18 535 
24 18 535 
24 18 535 
24 18 535 
24 18 535 
24 18 535 
24 18 535 
24 18 535 
24 18 535 
24 18 535 
24 18 535 
24 18 535 
24 18 535 
24 18 535 
24 18 535 
24 18 535 
24 18 535 
24 18 535 
24 18 535 
24 18 535 
24 18 535 
24 18 535 
24 18 535 
24 18 535 
24 18 535 
24 18 535 
24 18 535 
24 18 535 
24 18 535 
24 18 535 
24 18 535 
24 18 535 
24 18 535 
24 18 535 
24 18 535 
24 18 535 
24 18 535 
24 18 535 
24 18 535 
24 18 535 
24 18 535 
24 18 535 
24 18 535 
24 18 535 
24 18 535 
24 18 535 
24 18 535 
24 18 535 
24 18 535 
24 18 535 
24 18 535 
24 18 535 
24 18 535 
24 18 535 
24 18 535 
24 18 535 
24 18 535 
24 18 535 
24 18 535 
24 18 535 
24 18 535 
24 18 535 
24 18 535 
24 18 535 
24 18 535 
24 18 535 
24 18 535 
24 18 535 
24 18 535 
24 18 535 
24 18 535 
24 18 535 
24 18 535 
24 18 535 
24 18 535 
24 18 535 
24 18 535 
24 18 535 
24 18 535 
24 18 535 
24 18 535 
24 18 535 
24 18 535 
24 18 535 
24 18 535 
24 18 535 
24 18 535 
24 18 535 
24 18 535 
24 18 535 
24 18 535 
24 18 535 
24 18 535 
24 18 535 
24 18 535 
24 18 535 
24 18 535 
24 18 535 
24 18 535 
24 18 535 
24 18 535 
24 18 535 
24 18 535 
24 18 535 
24 18 535 
24 18 535 
24 18 535 
24 18 535 
24 18 535 
24 18 535 
24 18 535 
24 18 535 
24 18 535 
24 18 535 
24 18 535 
24 18 535 
24 18 535 
24 18 535 
24 18 535 
24 18 535 
24 18 535 
24 18 535 
24 18 535 
24 18 535 
24 18 535 
24 18 535 
24 18 535 
24 18 535 
24 18 535 
24 18 535 
24 18 535 
24 18 535 
24 18 535 
24 18 535 
24 18 535 
24 18 535 
24 18 535 
24 18 535 
24 18 535 
24 18 535 
24 18 535 
24 18 535 
24 18 535 
24 18 535 
24 18 535 
24 18 535 
24 18 535 
24 18 535 
24 18 535 
24 18 535 
24 18 535 
24 18 535 
24 18 535 
24 18 535 
24 18 535 
24 18 535 
24 18 535 
24 18 535 
24 18 535 
24 18 535 
24 18 535 
24 18 535 
24 18 535 
24 18 535 
24 18 535 
24 18 535 
24 18 535 
24 18 535 
24 18 535 
24 18 535 
24 18 535 
24 18 535 
24 18 535 
24 18 535 
24 18 535 
24 18 535 
24 18 535 
24 18 535 
24 18 535 
24 18 535 
24 18 535 
24 18 535 
24 18 535 
24 18 535 
24 18 535 
24 18 535 
24 18 535 
24 18 535 
24 18 535 
24 18 535 
24 18 535 
24 18 535 
24 18 535 
24 18 535 
24 18 535 
24 18 535 
24 18 535 
24 18 535 
24 18 535 
24 18 535 
24 18 535 
24 18 535 
24 18 535 
24 18 535 
24 18 535 
24 18 535 
24 18 535 
24 18 535 
24 18 535 
24 18 535 
24 18 535 
24 18 535 
24 18 535 
24 18 535 
24 18 535 
24 18 535 
24 18 535 
24 18 535 
24 18 535 
24 18 535 
24 18 535 
24 18 535 
24 18 535 
24 18 535 
24 18 535 
24 18 535 
24 18 535 
24 18 535 
24 18 535 
24 18 535 
24 18 535 
24 18 535 
24 18 535 
24 18 535 
24 18 535 
24 18 535 
24 18 535 
24 18 535 
24 18 535 
24 18 535 
24 18 535 
24 18 535 
24 18 535 
24 18 535 
24 18 535 
24 18 535 
24 18 535 
24 18 535 
24 18 535 
24 18 535 
24 18 535 
24 18 535 
24 18 535 
24 18 535 
24 18 535 
24 18 535 
24 18 535 
24 18 535 
24 18 535 
24 18 535 
24 18 535 
24 18 535 
24 18 535 
24 18 535 
24 18 535 
24 18 535 
24 18 535 
24 18 535 
24 18 535 
24 18 535 
24 18 535 
24 18 535 
24 18 535 
24 18 535 
24 18 535 
24 18 535 
24 18 535 
24 18 535 
24 18 535 
24 18 535 
24 18 535 
0 4 0 
0 0 4 
27 0 4 
19 19 4 
21 14 23 
108 15 36 
53 79 49 
125 39 114 
68 91 138 
131 50 190 
53 96 213 
124 39 253 
44 91 266 
107 32 296 
43 78 305 
88 31 327 
45 64 334 
72 33 350 
47 53 356 
61 35 368 
48 45 374 
54 35 383 
48 40 389 
50 35 396 
46 36 401 
46 34 407 
45 34 412 
44 33 417 
43 32 421 
42 32 426 
42 31 430 
41 30 434 
40 30 437 
39 29 441 
39 29 444 
38 28 447 
38 28 450 
37 28 453 
37 27 456 
36 27 458 
36 27 461 
35 26 463 
35 26 465 
35 26 468 
34 25 470 
34 25 472 
34 25 474 
33 25 475 
33 24 477 
33 24 479 
32 24 481 
32 24 482 
32 24 484 
32 23 485 
31 23 487 
31 23 488 
31 23 489 
31 23 491 
31 23 492 
30 22 493 
30 22 494 
30 22 495 
30 22 496 
30 22 497 
30 22 498 
29 22 499 
29 22 500 
29 21 501 
29 21 502 
29 21 503 
29 21 504 
29 21 505 
29 21 505 
28 21 506 
28 21 507 
28 21 508 
28 21 508 
28 21 509 
28 21 510 
28 20 510 
28 20 511 
28 20 511 
28 20 512 
27 20 513 
27 20 513 
27 20 514 
27 20 514 
27 20 515 
27 20 515 
27 20 516 
27 20 516 
27 20 517 
27 20 517 
27 20 517 
27 20 518 
27 20 518 
27 20 519 
27 19 519 
26 19 519 
26 19 520 
26 19 520 
26 19 520 
26 19 521 
26 19 521 
26 19 521 
26 19 522 
26 19 522 
26 19 522 
26 19 523 
26 19 523 
26 19 523 
26 19 523 
26 19 524 
26 19 524 
26 19 524 
26 19 524 
26 19 524 
26 19 525 
26 19 525 
26 19 525 
26 19 525 
26 19 526 
26 19 526 
26 19 526 
25 19 526 
25 19 526 
25 19 526 
25 19 527 
25 19 527 
25 19 527 
25 19 527 
25 19 527 
25 19 527 
25 19 527 
25 19 528 
25 19 528 
25 19 528 
25 18 528 
25 18 528 
25 18 528 
25 18 528 
25 18 529 
25 18 529 
25 18 529 
25 18 529 
25 18 529 
25 18 529 
25 18 529 
25 18 529 
25 18 529 
25 18 529 
25 18 530 
25 18 530 
25 18 530 
25 18 530 
25 18 530 
25 18 530 
25 18 530 
25 18 530 
25 18 530 
25 18 530 
25 18 530 
25 18 530 
25 18 530 
25 18 530 
25 18 531 
25 18 531 
25 18 531 
25 18 531 
25 18 531 
25 18 531 
25 18 531 
25 18 531 
25 18 531 
25 18 531 
25 18 531 
25 18 531 
25 18 531 
25 18 531 
25 18 531 
25 18 531 
25 18 531 
25 18 531 
25 18 531 
25 18 531 
25 18 532 
25 18 532 
25 18 532 
25 18 532 
25 18 532 
25 18 532 
25 18 532 
25 18 532 
25 18 532 
25 18 532 
25 18 532 
25 18 532 
25 18 532 
25 18 532 
25 18 532 
25 18 532 
25 18 532 
25 18 532 
25 18 532 
25 18 532 
25 18 532 
25 18 532 
25 18 532 
25 18 532 
25 18 532 
25 18 532 
25 18 532 
25 18 532 
25 18 532 
25 18 532 
25 18 532 
25 18 532 
25 18 532 
25 18 532 
25 18 532 
25 18 532 
25 18 532 
25 18 532 
25 18 532 
25 18 532 
25 18 532 
25 18 532 
25 18 532 
25 18 532 
25 18 533 
25 18 533 
25 18 533 
25 18 533 
25 18 533 
25 18 533 
25 18 533 
25 18 533 
25 18 533 
25 18 533 
25 18 533 
25 18 533 
25 18 533 
25 18 533 
25 18 533 
25 18 533 
25 18 533 
25 18 533 
25 18 533 
25 18 533 
25 18 533 
25 18 533 
25 18 533 
25 18 533 
25 18 533 
25 18 533 
25 18 533 
25 18 533 
25 18 533 
25 18 533 
25 18 533 
25 18 533 
25 18 533 
25 18 533 
25 18 533 
25 18 533 
25 18 533 
25 18 533 
25 18 533 
25 18 533 
25 18 533 
25 18 533 
25 18 533 
25 18 533 
25 18 533 
25 18 533 
25 18 533 
25 18 533 
25 18 533 
25 18 533 
25 18 533 
25 18 533 
25 18 533 
25 18 533 
25 18 533 
25 18 533 
25 18 533 
25 18 533 
25 18 533 
25 18 533 
25 18 533 
25 18 533 
25 18 533 
25 18 533 
25 18 533 
25 18 533 
25 18 533 
25 18 533 
25 18 533 
25 18 533 
25 18 533 
25 18 533 
25 18 533 
25 18 533 
25 18 533 
25 18 533 
25 18 533 
25 18 533 
25 18 533 
25 18 533 
25 18 533 
25 18 533 
25 18 533 
25 18 533 
25 18 533 
25 18 533 
25 18 533 
25 18 533 
25 18 533 
25 18 533 
25 18 533 
25 18 533 
25 18 533 
25 18 533 
25 18 533 
25 18 533 
25 18 533 
25 18 533 
25 18 533 
25 18 533 
25 18 533 
25 18 533 
25 18 533 
25 18 533 
25 18 533 
25 18 533 
25 18 533 
25 18 533 
25 18 533 
25 18 533 
25 18 533 
25 18 533 
25 18 533 
25 18 533 
25 18 533 
25 18 533 
25 18 533 
25 18 533 
25 18 533 
25 18 533 
25 18 533 
25 18 533 
25 18 533 
25 18 533 
25 18 533 
25 18 533 
25 18 533 
25 18 533 
25 18 533 
25 18 533 
25 18 533 
25 18 533 
25 18 533 
25 18 533 
25 18 533 
25 18 533 
25 18 533 
25 18 533 
25 18 533 
25 18 533 
25 18 533 
25 18 533 
25 18 533 
25 18 533 
25 18 533 
25 18 533 
25 18 533 
25 18 533 
25 18 533 
25 18 533 
25 18 533 
25 18 533 
25 18 533 
25 18 533 
25 18 533 
25 18 533 
25 18 533 
25 18 533 
25 18 533 
25 18 533 
25 18 533 
25 18 533 
25 18 533 
25 18 533 
25 18 533 
25 18 533 
25 18 533 
25 18 533 
25 18 533 
25 18 533 
25 18 533 
25 18 533 
25 18 533 
25 18 533 
25 18 533 
25 18 533 
25 18 533 
25 18 533 
25 18 533 
25 18 533 
25 18 533 
25 18 533 
25 18 533 
25 18 533 
25 18 533 
25 18 533 
25 18 533 
25 18 533 
25 18 533 
25 18 533 
25 18 533 
25 18 533 
25 18 533 
25 18 533 
25 18 533 
25 18 533 
25 18 533 
25 18 533 
25 18 533 
25 18 533 
25 18 533 
25 18 533 
25 18 533 
25 18 533 
25 18 533 
25 18 533 
25 18 533 
25 18 533 
25 18 533 
25 18 533 
25 18 533 
25 18 533 
25 18 533 
25 18 533 
25 18 533 
25 18 533 
25 18 533 
25 18 533 
25 18 533 
25 18 533 
25 18 533 
25 18 533 
25 18 533 
25 18 533 
25 18 533 
25 18 533 
25 18 533 
25 18 533 
25 18 533 
25 18 533 
25 18 533 
25 18 533 
25 18 533 
25 18 533 
25 18 533 
25 18 533 
25 18 533 
25 18 533 
25 18 533 
25 18 533 
25 18 533 
25 18 533 
25 18 533 
25 18 533 
25 18 533 
25 18 533 
25 18 533 
25 18 533 
25 18 533 
25 18 533 
25 18 533 
25 18 533 
25 18 533 
25 18 533 
25 18 533 
25 18 533 
25 18 533 
25 18 533 
25 18 533 
25 18 533 
25 18 533 
25 18 533 
25 18 533 
25 18 533 
25 18 533 
25 18 533 
25 18 533 
25 18 533 
25 18 533 
25 18 533 
25 18 533 
25 18 533 
25 18 533 
25 18 533 
25 18 533 
25 18 533 
25 18 533 
25 18 533 
25 18 533 
25 18 533 
25 18 533 
25 18 533 
25 18 533 
25 18 533 
25 18 533 
25 18 533 
25 18 533 
25 18 533 
25 18 533 
25 18 533 
25 18 533 
25 18 533 
25 18 533 
25 18 533 
25 18 533 
25 18 533 
25 18 533 
25 18 533 
25 18 533 
25 18 533 
25 18 533 
25 18 533 
25 18 533 
25 18 533 
25 18 533 
25 18 533 
25 18 533 
25 18 533 
25 18 533 
25 18 533 
25 18 533 
25 18 533 
25 18 533 
25 18 533 
25 18 533 
25 18 533 
25 18 533 
25 18 533 
25 18 533 
25 18 533 
25 18 533 
25 18 533 
25 18 533 
25 18 533 
25 18 533 
25 18 533 
25 18 533 
25 18 533 
25 18 533 
25 18 533 
25 18 533 
25 18 533 
25 18 533 
25 18 533 
25 18 533 
25 18 533 
25 18 533 
25 18 533 
25 18 533 
25 18 533 
25 18 533 
25 18 533 
25 18 533 
25 18 533 
25 18 533 
25 18 533 
25 18 533 
25 18 533 
25 18 533 
25 18 533 
25 18 533 
25 18 533 
25 18 533 
25 18 533 
25 18 533 
25 18 533 
25 18 533 
25 18 533 
25 18 533 
25 18 533 
25 18 533 
25 18 533 
25 18 533 
25 18 533 
25 18 533 
25 18 533 
25 18 533 
25 18 533 
25 18 533 
25 18 533 
