0.9800000000 46.40728 115.15804 7.92763 1 1 0.02143 
0.9804081633 120.65066 8.33828 137.82713 1 1 0.02143 
0.9808163265 21.03451 155.75189 10.08153 1 1 0.02143 
0.9812244898 79.23203 9.63840 158.91551 1 1 0.02143 
0.9816326531 120.87111 52.03628 8.37735 1 1 0.02143 
0.9820408163 10.27139 139.77235 26.27707 1 1 0.02143 
0.9824489796 44.83378 16.98385 147.26380 1 1 0.02143 
0.9828571429 170.77895 7.72976 100.08545 1 1 0.02143 
0.9832653061 235.65133 14.44400 36.30660 1 1 0.02143 
0.9836734694 219.07075 20.22591 20.89744 1 1 0.02143 
0.9840816327 233.89835 16.17101 28.20858 1 1 0.02143 
0.9844897959 205.30631 8.16260 74.69487 1 1 0.02143 
0.9848979592 63.64548 8.60268 169.29126 1 1 0.02143 
0.9853061224 9.58967 100.89036 41.33403 1 1 0.02143 
0.9857142857 78.25006 80.59801 5.34408 1 1 0.02143 
0.9861224490 110.19918 5.65303 146.83408 1 1 0.02143 
0.9865306122 11.44003 179.90162 9.26586 1 1 0.02143 
0.9869387755 110.10891 5.28843 146.53301 1 1 0.02143 
0.9873469388 79.54171 79.54142 4.70448 1 1 0.02143 
0.9877551020 7.55567 105.89283 37.15047 1 1 0.02143 
0.9881632653 45.58349 8.70450 176.02791 1 1 0.02143 
0.9885714286 154.36512 4.70301 109.71349 1 1 0.02143 
0.9889795918 212.02939 5.70609 73.72191 1 1 0.02143 
0.9893877551 170.79175 4.56738 97.89451 1 1 0.02143 
0.9897959184 54.50848 5.77382 183.79418 1 1 0.02143 
0.9902040816 6.82122 89.63060 46.95313 1 1 0.02143 
0.9906122449 68.54190 90.60201 3.39314 1 1 0.02143 
0.9910204082 91.42442 3.68396 156.85824 1 1 0.02143 
0.9914285714 22.96117 154.40480 3.80624 1 1 0.02143 
0.9918367347 20.25108 16.21769 154.19737 1 1 0.02143 
0.9922448980 247.28342 4.63557 58.11977 1 1 0.02143 
0.9926530612 180.80899 21.46517 4.68510 1 1 0.02143 
0.9930612245 157.85262 28.55614 3.57599 1 1 0.02143 
0.9934693878 265.20111 8.38401 18.72051 1 1 0.02143 
0.9938775510 18.24401 9.78838 180.47194 1 1 0.02143 
0.9942857143 25.85507 148.86898 2.23191 1 1 0.02143 
0.9946938776 156.48903 2.18056 103.22190 1 1 0.02143 
0.9951020408 47.51249 113.61363 1.74055 1 1 0.02143 
0.9955102041 2.49156 147.90793 13.00518 1 1 0.02143 
0.9959183673 2.21831 141.77466 13.85626 1 1 0.02143 
0.9963265306 24.30242 153.30023 1.32004 1 1 0.02143 
0.9967346939 207.97443 1.21743 91.21788 1 1 0.02143 
0.9971428571 8.45937 203.02659 1.57313 1 1 0.02143 
0.9975510204 0.94598 134.09861 24.02485 1 1 0.02143 
0.9979591837 1.15594 148.45293 7.92758 1 1 0.02143 
0.9983673469 206.40048 11.13799 1.07561 1 1 0.02143 
0.9987755102 0.62611 154.99868 6.83545 1 1 0.02143 
0.9991836735 0.65921 157.10322 3.52278 1 1 0.02143 
0.9995918367 104.19392 0.07752 144.93468 1 1 0.02143 
1.0000000000 0.00000 189.37856 0.02129 1 1 0.02143 
0.9800000000 26.96035 144.63714 9.41489 1 201 0.02143 
0.9804081633 163.68272 8.84682 104.96823 1 201 0.02143 
0.9808163265 13.56625 166.88483 14.15934 1 201 0.02143 
0.9812244898 115.02577 7.96984 142.21384 1 201 0.02143 
0.9816326531 83.45804 76.33791 7.12509 1 201 0.02143 
0.9820408163 11.69184 105.91670 40.27520 1 201 0.02143 
0.9824489796 67.71122 10.10331 162.31570 1 201 0.02143 
0.9828571429 212.42225 9.75732 67.40670 1 201 0.02143 
0.9832653061 213.70608 21.60964 19.72077 1 201 0.02143 
0.9836734694 175.09841 31.06412 11.43627 1 201 0.02143 
0.9840816327 199.17751 24.79226 14.82442 1 201 0.02143 
0.9844897959 236.82132 11.25258 46.65194 1 201 0.02143 
0.9848979592 97.96202 6.41846 155.73493 1 201 0.02143 
0.9853061224 12.86359 70.56291 64.36478 1 201 0.02143 
0.9857142857 45.27687 116.65094 5.47385 1 201 0.02143 
0.9861224490 159.94399 5.87840 107.74714 1 201 0.02143 
0.9865306122 8.04913 173.47212 14.57682 1 201 0.02143 
0.9869387755 158.94194 5.48799 107.95760 1 201 0.02143 
0.9873469388 45.99045 115.69412 4.79920 1 201 0.02143 
0.9877551020 9.99579 75.78039 59.24790 1 201 0.02143 
0.9881632653 73.11204 5.56833 173.28311 1 201 0.02143 
0.9885714286 208.59084 5.83380 75.42264 1 201 0.02143 
0.9889795918 252.16838 8.10660 44.70393 1 201 0.02143 
0.9893877551 226.92240 5.97767 65.35666 1 201 0.02143 
0.9897959184 90.59240 4.25362 159.94965 1 201 0.02143 
0.9902040816 9.77981 59.77608 77.30420 1 201 0.02143 
0.9906122449 34.45889 132.29404 3.74435 1 201 0.02143 
0.9910204082 141.34335 3.55142 114.82615 1 201 0.02143 
0.9914285714 9.95037 190.70795 5.50497 1 201 0.02143 
0.9918367347 33.42287 7.07862 188.19799 1 201 0.02143 
0.9922448980 269.60598 7.06225 31.85274 1 201 0.02143 
0.9926530612 140.15439 37.14843 3.34149 1 201 0.02143 
0.9930612245 113.83358 54.59926 2.69838 1 201 0.02143 
0.9934693878 206.02890 15.20265 5.63132 1 201 0.02143 
0.9938775510 78.40835 2.38006 154.16264 1 201 0.02143 
0.9942857143 3.66860 185.65283 8.46821 1 201 0.02143 
0.9946938776 276.48578 6.12734 22.27773 1 201 0.02143 
0.9951020408 4.47247 204.19433 5.22399 1 201 0.02143 
0.9955102041 3.57420 75.21077 64.86600 1 201 0.02143 
0.9959183673 3.57763 67.82777 71.92409 1 201 0.02143 
0.9963265306 2.57582 181.90261 6.31090 1 201 0.02143 
0.9967346939 252.05765 5.58408 7.25049 1 201 0.02143 
0.9971428571 1.59243 146.93977 9.90364 1 201 0.02143 
0.9975510204 3.59861 26.42218 130.18965 1 201 0.02143 
0.9979591837 1.24315 83.83092 58.33998 1 201 0.02143 
0.9983673469 70.13900 88.46306 0.45283 1 201 0.02143 
0.9987755102 1.08957 49.24091 90.69448 1 201 0.02143 
0.9991836735 0.55284 65.26289 71.58226 1 201 0.02143 
0.9995918367 220.44662 1.34971 1.41050 1 201 0.02143 
1.0000000000 0.00000 0.00003 187.46175 1 201 0.02143 
0.9800000000 222.64073 18.48078 33.55536 1 400 0.02143 
0.9804081633 18.49149 66.10472 69.24197 1 400 0.02143 
0.9808163265 179.47964 31.12191 14.87121 1 400 0.02143 
0.9812244898 13.00506 97.75538 44.97737 1 400 0.02143 
0.9816326531 182.03206 8.80055 90.82454 1 400 0.02143 
0.9820408163 75.55430 83.17396 6.84169 1 400 0.02143 
0.9824489796 9.96580 142.69522 25.15378 1 400 0.02143 
0.9828571429 24.63300 38.27837 105.14658 1 400 0.02143 
0.9832653061 62.10605 10.30955 163.74266 1 400 0.02143 
0.9836734694 88.42562 7.39343 160.32057 1 400 0.02143 
0.9840816327 71.03864 8.36283 166.81081 1 400 0.02143 
0.9844897959 30.79363 24.07376 131.67874 1 400 0.02143 
0.9848979592 9.38160 109.13285 37.30124 1 400 0.02143 
0.9853061224 39.99908 123.98021 5.78599 1 400 0.02143 
0.9857142857 234.74308 9.43762 53.09030 1 400 0.02143 
0.9861224490 12.51671 67.97183 67.00720 1 400 0.02143 
0.9865306122 158.06513 34.16168 7.57953 1 400 0.02143 
0.9869387755 11.85269 67.36899 67.70686 1 400 0.02143 
0.9873469388 239.99361 8.40955 52.24207 1 400 0.02143 
0.9877551020 42.62049 120.21667 4.70280 1 400 0.02143 
0.9881632653 6.61106 125.54382 28.22007 1 400 0.02143 
0.9885714286 15.23152 41.89862 100.55199 1 400 0.02143 
0.9889795918 24.53783 19.85184 142.74310 1 400 0.02143 
0.9893877551 16.65951 33.56116 114.12230 1 400 0.02143 
0.9897959184 6.16996 106.22883 35.59383 1 400 0.02143 
0.9902040816 25.51497 148.67481 4.25509 1 400 0.02143 
0.9906122449 261.51936 7.47619 39.24563 1 400 0.02143 
0.9910204082 7.42506 73.87513 61.98920 1 400 0.02143 
0.9914285714 229.44900 14.70050 11.24549 1 400 0.02143 
0.9918367347 4.62185 168.40919 13.78418 1 400 0.02143 
0.9922448980 24.59757 10.24032 176.14264 1 400 0.02143 
0.9926530612 122.54986 2.80568 123.40216 1 400 0.02143 
0.9930612245 153.08010 2.83374 105.06147 1 400 0.02143 
0.9934693878 50.13386 3.69644 189.83919 1 400 0.02143 
0.9938775510 3.20248 157.00309 13.02995 1 400 0.02143 
0.9942857143 253.26921 8.79461 11.34615 1 400 0.02143 
0.9946938776 8.35917 34.17218 113.82071 1 400 0.02143 
0.9951020408 278.61763 5.55283 20.36728 1 400 0.02143 
0.9955102041 103.04730 64.99968 1.66231 1 400 0.02143 
0.9959183673 93.00420 72.01459 1.47250 1 400 0.02143 
0.9963265306 248.71038 6.42854 7.29705 1 400 0.02143 
0.9967346939 7.56508 13.32069 168.43432 1 400 0.02143 
0.9971428571 201.09787 9.86992 2.44475 1 400 0.02143 
0.9975510204 36.78749 129.34250 0.74420 1 400 0.02143 
0.9979591837 115.65806 57.79785 0.66246 1 400 0.02143 
0.9983673469 119.16464 0.39652 137.77916 1 400 0.02143 
0.9987755102 78.15498 80.89110 0.33111 1 400 0.02143 
0.9991836735 101.96009 62.49160 0.22103 1 400 0.02143 
0.9995918367 1.51762 4.17432 217.01191 1 400 0.02143 
1.0000000000 0.00014 184.02642 0.00000 1 400 0.02143 
0.9800000000 42.54689 120.34872 8.07478 1 600 0.02143 
0.9804081633 127.47981 8.31157 132.98996 1 600 0.02143 
0.9808163265 19.32884 158.96620 10.59316 1 600 0.02143 
0.9812244898 84.39382 9.17526 157.83997 1 600 0.02143 
0.9816326531 114.24080 55.48376 8.05857 1 600 0.02143 
0.9820408163 10.37446 134.37221 28.22111 1 600 0.02143 
0.9824489796 48.00486 15.43966 151.05365 1 600 0.02143 
0.9828571429 178.27186 7.96380 94.26681 1 600 0.02143 
0.9832653061 234.50025 15.38334 33.01971 1 600 0.02143 
0.9836734694 213.00307 21.68341 18.81995 1 600 0.02143 
0.9840816327 230.23479 17.30584 25.42006 1 600 0.02143 
0.9844897959 212.10153 8.55066 69.63663 1 600 0.02143 
0.9848979592 68.38363 8.03283 169.16786 1 600 0.02143 
0.9853061224 9.98752 95.54153 44.47781 1 600 0.02143 
0.9857142857 72.37174 86.10459 5.30795 1 600 0.02143 
0.9861224490 117.77644 5.60519 140.87079 1 600 0.02143 
0.9865306122 10.52711 181.05130 9.97838 1 600 0.02143 
0.9869387755 118.17322 5.24192 140.03661 1 600 0.02143 
0.9873469388 73.14156 85.49955 4.66719 1 600 0.02143 
0.9877551020 7.86782 100.19991 40.35469 1 600 0.02143 
0.9881632653 49.53969 7.85767 178.09511 1 600 0.02143 
0.9885714286 163.86367 4.82832 103.06828 1 600 0.02143 
0.9889795918 221.31425 6.02768 68.24288 1 600 0.02143 
0.9893877551 181.01922 4.74114 91.70126 1 600 0.02143 
0.9897959184 59.75865 5.35702 181.94247 1 600 0.02143 
0.9902040816 7.21432 84.27545 51.55621 1 600 0.02143 
0.9906122449 61.73521 97.45906 3.40215 1 600 0.02143 
0.9910204082 99.66286 3.58383 149.16152 1 600 0.02143 
0.9914285714 19.44585 162.89724 4.01652 1 600 0.02143 
0.9918367347 22.24660 13.67951 162.60414 1 600 0.02143 
0.9922448980 255.03001 4.94887 52.78462 1 600 0.02143 
0.9926530612 173.40345 23.46438 4.33843 1 600 0.02143 
0.9930612245 150.09468 31.99575 3.37295 1 600 0.02143 
0.9934693878 255.62936 9.62561 14.37439 1 600 0.02143 
0.9938775510 19.09100 9.17372 183.15778 1 600 0.02143 
0.9942857143 25.85372 148.87172 2.23206 1 600 0.02143 
0.9946938776 156.48918 2.18056 103.22184 1 600 0.02143 
0.9951020408 47.51236 113.61379 1.74055 1 600 0.02143 
0.9955102041 2.49156 147.90783 13.00520 1 600 0.02143 
0.9959183673 2.21831 141.77456 13.85629 1 600 0.02143 
0.9963265306 24.30233 153.30044 1.32004 1 600 0.02143 
0.9967346939 207.97472 1.21743 91.21774 1 600 0.02143 
0.9971428571 8.45934 203.02672 1.57313 1 600 0.02143 
0.9975510204 0.94598 134.09855 24.02491 1 600 0.02143 
0.9979591837 1.15594 148.45288 7.92760 1 600 0.02143 
0.9983673469 206.40050 11.13802 1.07561 1 600 0.02143 
0.9987755102 0.62611 154.99873 6.83548 1 600 0.02143 
0.9991836735 0.65921 157.10323 3.52280 1 600 0.02143 
0.9995918367 104.19430 0.07752 144.93441 1 600 0.02143 
1.0000000000 0.00000 189.37859 0.02130 1 600 0.02143 
0.9800000000 48.21738 112.81825 7.87289 100 1 0.02143 
0.9804081633 117.65154 8.36618 139.86826 100 1 0.02143 
0.9808163265 21.86979 154.17233 9.86954 100 1 0.02143 
0.9812244898 77.01148 9.87605 159.17011 100 1 0.02143 
0.9816326531 123.90978 50.55640 8.53941 100 1 0.02143 
0.9820408163 10.24231 142.12540 25.44762 100 1 0.02143 
0.9824489796 43.47981 17.73639 145.44178 100 1 0.02143 
0.9828571429 167.38170 7.63689 102.73260 100 1 0.02143 
0.9832653061 235.82422 14.04929 37.84522 100 1 0.02143 
0.9836734694 221.56151 19.60962 21.90234 100 1 0.02143 
0.9840816327 235.21451 15.69371 29.53220 100 1 0.02143 
0.9844897959 202.13359 8.00196 77.02279 100 1 0.02143 
0.9848979592 61.63031 8.89358 169.07038 100 1 0.02143 
0.9853061224 9.42784 103.34002 39.99816 100 1 0.02143 
0.9857142857 80.91599 78.20926 5.36682 100 1 0.02143 
0.9861224490 106.92164 5.68570 149.36828 100 1 0.02143 
0.9865306122 11.91963 179.05445 8.96526 100 1 0.02143 
0.9869387755 106.51914 5.32164 149.38768 100 1 0.02143 
0.9873469388 82.51723 76.89230 4.72806 100 1 0.02143 
0.9877551020 7.42786 108.58027 35.76758 100 1 0.02143 
0.9881632653 43.87770 9.15134 174.72898 100 1 0.02143 
0.9885714286 150.05748 4.65626 112.84992 100 1 0.02143 
0.9889795918 207.60917 5.57137 76.27785 100 1 0.02143 
0.9893877551 166.15230 4.49809 100.82224 100 1 0.02143 
0.9897959184 52.26722 5.99628 184.24069 100 1 0.02143 
0.9902040816 6.65681 92.09429 44.97322 100 1 0.02143 
0.9906122449 71.73885 87.52501 3.39636 100 1 0.02143 
0.9910204082 87.75575 3.74178 160.27334 100 1 0.02143 
0.9914285714 24.78405 150.37894 3.72028 100 1 0.02143 
0.9918367347 19.37277 17.55267 150.15014 100 1 0.02143 
0.9922448980 243.10669 4.50312 60.68586 100 1 0.02143 
0.9926530612 184.34893 20.62005 4.87534 100 1 0.02143 
0.9930612245 161.36900 27.15167 3.67823 100 1 0.02143 
0.9934693878 268.38999 7.87426 20.90848 100 1 0.02143 
0.9938775510 18.05990 9.93635 179.83039 100 1 0.02143 
0.9942857143 25.85561 148.86784 2.23188 100 1 0.02143 
0.9946938776 156.48902 2.18056 103.22190 100 1 0.02143 
0.9951020408 47.51249 113.61363 1.74055 100 1 0.02143 
0.9955102041 2.49156 147.90794 13.00518 100 1 0.02143 
0.9959183673 2.21831 141.77466 13.85626 100 1 0.02143 
0.9963265306 24.30243 153.30022 1.32004 100 1 0.02143 
0.9967346939 207.97443 1.21743 91.21788 100 1 0.02143 
0.9971428571 8.45937 203.02659 1.57313 100 1 0.02143 
0.9975510204 0.94598 134.09862 24.02485 100 1 0.02143 
0.9979591837 1.15594 148.45293 7.92758 100 1 0.02143 
0.9983673469 206.40048 11.13799 1.07561 100 1 0.02143 
0.9987755102 0.62611 154.99868 6.83545 100 1 0.02143 
0.9991836735 0.65921 157.10322 3.52278 100 1 0.02143 
0.9995918367 104.19391 0.07752 144.93469 100 1 0.02143 
1.0000000000 0.00000 189.37856 0.02129 100 1 0.02143 
0.9800000000 26.96037 144.63711 9.41489 100 201 0.02143 
0.9804081633 163.68267 8.84682 104.96827 100 201 0.02143 
0.9808163265 13.56626 166.88483 14.15933 100 201 0.02143 
0.9812244898 115.02572 7.96984 142.21387 100 201 0.02143 
0.9816326531 83.45808 76.33788 7.12509 100 201 0.02143 
0.9820408163 11.69184 105.91674 40.27518 100 201 0.02143 
0.9824489796 67.71118 10.10331 162.31570 100 201 0.02143 
0.9828571429 212.42221 9.75732 67.40674 100 201 0.02143 
0.9832653061 213.70612 21.60963 19.72078 100 201 0.02143 
0.9836734694 175.09846 31.06411 11.43628 100 201 0.02143 
0.9840816327 199.17756 24.79224 14.82443 100 201 0.02143 
0.9844897959 236.82130 11.25258 46.65197 100 201 0.02143 
0.9848979592 97.96197 6.41846 155.73496 100 201 0.02143 
0.9853061224 12.86359 70.56295 64.36474 100 201 0.02143 
0.9857142857 45.27690 116.65089 5.47384 100 201 0.02143 
0.9861224490 159.94393 5.87840 107.74719 100 201 0.02143 
0.9865306122 8.04913 173.47215 14.57681 100 201 0.02143 
0.9869387755 158.94187 5.48799 107.95764 100 201 0.02143 
0.9873469388 45.99049 115.69407 4.79920 100 201 0.02143 
0.9877551020 9.99578 75.78043 59.24787 100 201 0.02143 
0.9881632653 73.11200 5.56834 173.28313 100 201 0.02143 
0.9885714286 208.59077 5.83380 75.42267 100 201 0.02143 
0.9889795918 252.16836 8.10660 44.70396 100 201 0.02143 
0.9893877551 226.92233 5.97766 65.35670 100 201 0.02143 
0.9897959184 90.59235 4.25362 159.94969 100 201 0.02143 
0.9902040816 9.77981 59.77612 77.30416 100 201 0.02143 
0.9906122449 34.45892 132.29398 3.74435 100 201 0.02143 
0.9910204082 141.34328 3.55142 114.82620 100 201 0.02143 
0.9914285714 9.95038 190.70793 5.50497 100 201 0.02143 
0.9918367347 33.42285 7.07862 188.19797 100 201 0.02143 
0.9922448980 269.60599 7.06225 31.85277 100 201 0.02143 
0.9926530612 140.15444 37.14841 3.34149 100 201 0.02143 
0.9930612245 113.83363 54.59922 2.69838 100 201 0.02143 
0.9934693878 206.02895 15.20264 5.63132 100 201 0.02143 
0.9938775510 78.40834 2.38006 154.16265 100 201 0.02143 
0.9942857143 3.66860 185.65283 8.46821 100 201 0.02143 
0.9946938776 276.48578 6.12734 22.27773 100 201 0.02143 
0.9951020408 4.47247 204.19433 5.22399 100 201 0.02143 
0.9955102041 3.57420 75.21077 64.86600 100 201 0.02143 
0.9959183673 3.57763 67.82777 71.92409 100 201 0.02143 
0.9963265306 2.57582 181.90261 6.31090 100 201 0.02143 
0.9967346939 252.05765 5.58408 7.25049 100 201 0.02143 
0.9971428571 1.59243 146.93977 9.90364 100 201 0.02143 
0.9975510204 3.59861 26.42218 130.18965 100 201 0.02143 
0.9979591837 1.24315 83.83092 58.33998 100 201 0.02143 
0.9983673469 70.13900 88.46306 0.45283 100 201 0.02143 
0.9987755102 1.08957 49.24091 90.69448 100 201 0.02143 
0.9991836735 0.55284 65.26289 71.58226 100 201 0.02143 
0.9995918367 220.44662 1.34971 1.41050 100 201 0.02143 
1.0000000000 0.00000 0.00003 187.46175 100 201 0.02143 
0.9800000000 222.64073 18.48078 33.55536 100 400 0.02143 
0.9804081633 18.49149 66.10472 69.24197 100 400 0.02143 
0.9808163265 179.47964 31.12191 14.87121 100 400 0.02143 
0.9812244898 13.00506 97.75538 44.97737 100 400 0.02143 
0.9816326531 182.03206 8.80055 90.82454 100 400 0.02143 
0.9820408163 75.55430 83.17396 6.84169 100 400 0.02143 
0.9824489796 9.96580 142.69522 25.15378 100 400 0.02143 
0.9828571429 24.63300 38.27837 105.14658 100 400 0.02143 
0.9832653061 62.10605 10.30955 163.74266 100 400 0.02143 
0.9836734694 88.42562 7.39343 160.32057 100 400 0.02143 
0.9840816327 71.03864 8.36283 166.81081 100 400 0.02143 
0.9844897959 30.79363 24.07376 131.67874 100 400 0.02143 
0.9848979592 9.38160 109.13285 37.30124 100 400 0.02143 
0.9853061224 39.99908 123.98021 5.78599 100 400 0.02143 
0.9857142857 234.74308 9.43762 53.09030 100 400 0.02143 
0.9861224490 12.51671 67.97183 67.00720 100 400 0.02143 
0.9865306122 158.06513 34.16168 7.57953 100 400 0.02143 
0.9869387755 11.85269 67.36899 67.70686 100 400 0.02143 
0.9873469388 239.99361 8.40955 52.24207 100 400 0.02143 
0.9877551020 42.62049 120.21667 4.70280 100 400 0.02143 
0.9881632653 6.61106 125.54382 28.22007 100 400 0.02143 
0.9885714286 15.23152 41.89862 100.55199 100 400 0.02143 
0.9889795918 24.53783 19.85184 142.74310 100 400 0.02143 
0.9893877551 16.65951 33.56116 114.12230 100 400 0.02143 
0.9897959184 6.16996 106.22883 35.59383 100 400 0.02143 
0.9902040816 25.51497 148.67481 4.25509 100 400 0.02143 
0.9906122449 261.51936 7.47619 39.24563 100 400 0.02143 
0.9910204082 7.42506 73.87513 61.98920 100 400 0.02143 
0.9914285714 229.44900 14.70050 11.24549 100 400 0.02143 
0.9918367347 4.62185 168.40919 13.78418 100 400 0.02143 
0.9922448980 24.59757 10.24032 176.14264 100 400 0.02143 
0.9926530612 122.54986 2.80568 123.40216 100 400 0.02143 
0.9930612245 153.08010 2.83374 105.06147 100 400 0.02143 
0.9934693878 50.13386 3.69644 189.83919 100 400 0.02143 
0.9938775510 3.20248 157.00309 13.02995 100 400 0.02143 
0.9942857143 253.26921 8.79461 11.34615 100 400 0.02143 
0.9946938776 8.35917 34.17218 113.82071 100 400 0.02143 
0.9951020408 278.61763 5.55283 20.36728 100 400 0.02143 
0.9955102041 103.04730 64.99968 1.66231 100 400 0.02143 
0.9959183673 93.00420 72.01459 1.47250 100 400 0.02143 
0.9963265306 248.71038 6.42854 7.29705 100 400 0.02143 
0.9967346939 7.56508 13.32069 168.43432 100 400 0.02143 
0.9971428571 201.09787 9.86992 2.44475 100 400 0.02143 
0.9975510204 36.78749 129.34250 0.74420 100 400 0.02143 
0.9979591837 115.65806 57.79785 0.66246 100 400 0.02143 
0.9983673469 119.16464 0.39652 137.77916 100 400 0.02143 
0.9987755102 78.15498 80.89110 0.33111 100 400 0.02143 
0.9991836735 101.96009 62.49160 0.22103 100 400 0.02143 
0.9995918367 1.51762 4.17432 217.01191 100 400 0.02143 
1.0000000000 0.00014 184.02642 0.00000 100 400 0.02143 
0.9800000000 42.54689 120.34872 8.07478 100 600 0.02143 
0.9804081633 127.47981 8.31157 132.98996 100 600 0.02143 
0.9808163265 19.32884 158.96620 10.59316 100 600 0.02143 
0.9812244898 84.39382 9.17526 157.83997 100 600 0.02143 
0.9816326531 114.24080 55.48376 8.05857 100 600 0.02143 
0.9820408163 10.37446 134.37221 28.22111 100 600 0.02143 
0.9824489796 48.00486 15.43966 151.05365 100 600 0.02143 
0.9828571429 178.27186 7.96380 94.26681 100 600 0.02143 
0.9832653061 234.50025 15.38334 33.01971 100 600 0.02143 
0.9836734694 213.00307 21.68341 18.81995 100 600 0.02143 
0.9840816327 230.23479 17.30584 25.42006 100 600 0.02143 
0.9844897959 212.10153 8.55066 69.63663 100 600 0.02143 
0.9848979592 68.38363 8.03283 169.16786 100 600 0.02143 
0.9853061224 9.98752 95.54153 44.47781 100 600 0.02143 
0.9857142857 72.37174 86.10459 5.30795 100 600 0.02143 
0.9861224490 117.77644 5.60519 140.87079 100 600 0.02143 
0.9865306122 10.52711 181.05130 9.97838 100 600 0.02143 
0.9869387755 118.17322 5.24192 140.03661 100 600 0.02143 
0.9873469388 73.14156 85.49955 4.66719 100 600 0.02143 
0.9877551020 7.86782 100.19991 40.35469 100 600 0.02143 
0.9881632653 49.53969 7.85767 178.09511 100 600 0.02143 
0.9885714286 163.86367 4.82832 103.06828 100 600 0.02143 
0.9889795918 221.31425 6.02768 68.24288 100 600 0.02143 
0.9893877551 181.01922 4.74114 91.70126 100 600 0.02143 
0.9897959184 59.75865 5.35702 181.94247 100 600 0.02143 
0.9902040816 7.21432 84.27545 51.55621 100 600 0.02143 
0.9906122449 61.73521 97.45906 3.40215 100 600 0.02143 
0.9910204082 99.66286 3.58383 149.16152 100 600 0.02143 
0.9914285714 19.44585 162.89724 4.01652 100 600 0.02143 
0.9918367347 22.24660 13.67951 162.60414 100 600 0.02143 
0.9922448980 255.03001 4.94887 52.78462 100 600 0.02143 
0.9926530612 173.40345 23.46438 4.33843 100 600 0.02143 
0.9930612245 150.09468 31.99575 3.37295 100 600 0.02143 
0.9934693878 255.62936 9.62561 14.37439 100 600 0.02143 
0.9938775510 19.09100 9.17372 183.15778 100 600 0.02143 
0.9942857143 25.85372 148.87172 2.23206 100 600 0.02143 
0.9946938776 156.48918 2.18056 103.22184 100 600 0.02143 
0.9951020408 47.51236 113.61379 1.74055 100 600 0.02143 
0.9955102041 2.49156 147.90783 13.00520 100 600 0.02143 
0.9959183673 2.21831 141.77456 13.85629 100 600 0.02143 
0.9963265306 24.30233 153.30044 1.32004 100 600 0.02143 
0.9967346939 207.97472 1.21743 91.21774 100 600 0.02143 
0.9971428571 8.45934 203.02672 1.57313 100 600 0.02143 
0.9975510204 0.94598 134.09855 24.02491 100 600 0.02143 
0.9979591837 1.15594 148.45288 7.92760 100 600 0.02143 
0.9983673469 206.40050 11.13802 1.07561 100 600 0.02143 
0.9987755102 0.62611 154.99873 6.83548 100 600 0.02143 
0.9991836735 0.65921 157.10323 3.52280 100 600 0.02143 
0.9995918367 104.19430 0.07752 144.93441 100 600 0.02143 
1.0000000000 0.00000 189.37859 0.02130 100 600 0.02143 
0.9800000000 45.77211 115.99294 7.94886 200 1 0.02143 
0.9804081633 121.73240 8.33075 137.07744 200 1 0.02143 
0.9808163265 20.74675 156.29639 10.15985 200 1 0.02143 
0.9812244898 80.03962 9.55810 158.79042 200 1 0.02143 
0.9816326531 119.79503 52.57492 8.32242 200 1 0.02143 
0.9820408163 10.28438 138.92015 26.57978 200 1 0.02143 
0.9824489796 45.32773 16.72407 147.89735 200 1 0.02143 
0.9828571429 171.98824 7.76475 99.14457 200 1 0.02143 
0.9832653061 235.53798 14.58896 35.76631 200 1 0.02143 
0.9836734694 218.14459 20.45166 20.54939 200 1 0.02143 
0.9840816327 233.37807 16.34623 27.74643 200 1 0.02143 
0.9844897959 206.42263 8.22199 73.87198 200 1 0.02143 
0.9848979592 64.38181 8.50422 169.32906 200 1 0.02143 
0.9853061224 9.64997 100.02265 41.82225 200 1 0.02143 
0.9857142857 77.30162 81.46396 5.33693 200 1 0.02143 
0.9861224490 111.38862 5.64306 145.90643 200 1 0.02143 
0.9865306122 11.27949 180.15441 9.37635 200 1 0.02143 
0.9869387755 111.39965 5.27847 145.49955 200 1 0.02143 
0.9873469388 78.49140 80.49455 4.69708 200 1 0.02143 
0.9877551020 7.60334 104.95092 37.65401 200 1 0.02143 
0.9881632653 46.20489 8.55513 176.43690 200 1 0.02143 
0.9885714286 155.90186 4.72123 108.61329 200 1 0.02143 
0.9889795918 213.57713 5.75581 72.82128 200 1 0.02143 
0.9893877551 172.44731 4.59355 96.86906 200 1 0.02143 
0.9897959184 55.32894 5.69988 183.57394 200 1 0.02143 
0.9902040816 6.88194 88.75750 47.67584 200 1 0.02143 
0.9906122449 67.41772 91.70431 3.39309 200 1 0.02143 
0.9910204082 92.74420 3.66526 155.62479 200 1 0.02143 
0.9914285714 22.34618 155.81813 3.83831 200 1 0.02143 
0.9918367347 20.56850 15.77003 155.60957 200 1 0.02143 
0.9922448980 248.67144 4.68420 57.22686 200 1 0.02143 
0.9926530612 179.57779 21.77520 4.62286 200 1 0.02143 
0.9930612245 156.59807 29.07999 3.54116 200 1 0.02143 
0.9934693878 263.88316 8.57475 17.96769 200 1 0.02143 
0.9938775510 18.32932 9.72170 180.76175 200 1 0.02143 
0.9942857143 25.85484 148.86946 2.23192 200 1 0.02143 
0.9946938776 156.48903 2.18056 103.22190 200 1 0.02143 
0.9951020408 47.51249 113.61363 1.74055 200 1 0.02143 
0.9955102041 2.49156 147.90793 13.00518 200 1 0.02143 
0.9959183673 2.21831 141.77465 13.85626 200 1 0.02143 
0.9963265306 24.30242 153.30023 1.32004 200 1 0.02143 
0.9967346939 207.97444 1.21743 91.21787 200 1 0.02143 
0.9971428571 8.45937 203.02660 1.57313 200 1 0.02143 
0.9975510204 0.94598 134.09861 24.02485 200 1 0.02143 
0.9979591837 1.15594 148.45293 7.92758 200 1 0.02143 
0.9983673469 206.40048 11.13799 1.07561 200 1 0.02143 
0.9987755102 0.62611 154.99868 6.83545 200 1 0.02143 
0.9991836735 0.65921 157.10322 3.52278 200 1 0.02143 
0.9995918367 104.19393 0.07752 144.93467 200 1 0.02143 
1.0000000000 0.00000 189.37857 0.02129 200 1 0.02143 
0.9800000000 26.96033 144.63718 9.41489 200 201 0.02143 
0.9804081633 163.68279 8.84682 104.96818 200 201 0.02143 
0.9808163265 13.56625 166.88483 14.15935 200 201 0.02143 
0.9812244898 115.02583 7.96984 142.21380 200 201 0.02143 
0.9816326531 83.45799 76.33795 7.12509 200 201 0.02143 
0.9820408163 11.69185 105.91665 40.27523 200 201 0.02143 
0.9824489796 67.71126 10.10330 162.31571 200 201 0.02143 
0.9828571429 212.42230 9.75733 67.40666 200 201 0.02143 
0.9832653061 213.70603 21.60965 19.72075 200 201 0.02143 
0.9836734694 175.09833 31.06414 11.43626 200 201 0.02143 
0.9840816327 199.17744 24.79227 14.82440 200 201 0.02143 
0.9844897959 236.82135 11.25259 46.65190 200 201 0.02143 
0.9848979592 97.96208 6.41846 155.73489 200 201 0.02143 
0.9853061224 12.86360 70.56287 64.36482 200 201 0.02143 
0.9857142857 45.27683 116.65099 5.47385 200 201 0.02143 
0.9861224490 159.94407 5.87841 107.74709 200 201 0.02143 
0.9865306122 8.04913 173.47209 14.57683 200 201 0.02143 
0.9869387755 158.94201 5.48799 107.95754 200 201 0.02143 
0.9873469388 45.99041 115.69418 4.79920 200 201 0.02143 
0.9877551020 9.99579 75.78035 59.24794 200 201 0.02143 
0.9881632653 73.11210 5.56833 173.28308 200 201 0.02143 
0.9885714286 208.59092 5.83380 75.42259 200 201 0.02143 
0.9889795918 252.16841 8.10660 44.70389 200 201 0.02143 
0.9893877551 226.92247 5.97767 65.35662 200 201 0.02143 
0.9897959184 90.59247 4.25362 159.94959 200 201 0.02143 
0.9902040816 9.77982 59.77604 77.30426 200 201 0.02143 
0.9906122449 34.45885 132.29411 3.74435 200 201 0.02143 
0.9910204082 141.34343 3.55142 114.82610 200 201 0.02143 
0.9914285714 9.95036 190.70798 5.50498 200 201 0.02143 
0.9918367347 33.42290 7.07861 188.19801 200 201 0.02143 
0.9922448980 269.60598 7.06226 31.85271 200 201 0.02143 
0.9926530612 140.15433 37.14847 3.34149 200 201 0.02143 
0.9930612245 113.83352 54.59931 2.69838 200 201 0.02143 
0.9934693878 206.02884 15.20265 5.63131 200 201 0.02143 
0.9938775510 78.40836 2.38006 154.16263 200 201 0.02143 
0.9942857143 3.66860 185.65283 8.46821 200 201 0.02143 
0.9946938776 276.48578 6.12734 22.27773 200 201 0.02143 
0.9951020408 4.47247 204.19433 5.22399 200 201 0.02143 
0.9955102041 3.57420 75.21077 64.86600 200 201 0.02143 
0.9959183673 3.57763 67.82777 71.92409 200 201 0.02143 
0.9963265306 2.57582 181.90261 6.31090 200 201 0.02143 
0.9967346939 252.05765 5.58408 7.25049 200 201 0.02143 
0.9971428571 1.59243 146.93977 9.90364 200 201 0.02143 
0.9975510204 3.59861 26.42218 130.18965 200 201 0.02143 
0.9979591837 1.24315 83.83092 58.33998 200 201 0.02143 
0.9983673469 70.13900 88.46306 0.45283 200 201 0.02143 
0.9987755102 1.08957 49.24091 90.69448 200 201 0.02143 
0.9991836735 0.55284 65.26289 71.58226 200 201 0.02143 
0.9995918367 220.44662 1.34971 1.41050 200 201 0.02143 
1.0000000000 0.00000 0.00003 187.46175 200 201 0.02143 
0.9800000000 222.64073 18.48078 33.55536 200 400 0.02143 
0.9804081633 18.49149 66.10472 69.24197 200 400 0.02143 
0.9808163265 179.47964 31.12191 14.87121 200 400 0.02143 
0.9812244898 13.00506 97.75538 44.97737 200 400 0.02143 
0.9816326531 182.03206 8.80055 90.82454 200 400 0.02143 
0.9820408163 75.55430 83.17396 6.84169 200 400 0.02143 
0.9824489796 9.96580 142.69522 25.15378 200 400 0.02143 
0.9828571429 24.63300 38.27837 105.14658 200 400 0.02143 
0.9832653061 62.10605 10.30955 163.74266 200 400 0.02143 
0.9836734694 88.42562 7.39343 160.32057 200 400 0.02143 
0.9840816327 71.03864 8.36283 166.81081 200 400 0.02143 
0.9844897959 30.79363 24.07376 131.67874 200 400 0.02143 
0.9848979592 9.38160 109.13285 37.30124 200 400 0.02143 
0.9853061224 39.99908 123.98021 5.78599 200 400 0.02143 
0.9857142857 234.74308 9.43762 53.09030 200 400 0.02143 
0.9861224490 12.51671 67.97183 67.00720 200 400 0.02143 
0.9865306122 158.06513 34.16168 7.57953 200 400 0.02143 
0.9869387755 11.85269 67.36899 67.70686 200 400 0.02143 
0.9873469388 239.99361 8.40955 52.24207 200 400 0.02143 
0.9877551020 42.62049 120.21667 4.70280 200 400 0.02143 
0.9881632653 6.61106 125.54382 28.22007 200 400 0.02143 
0.9885714286 15.23152 41.89862 100.55199 200 400 0.02143 
0.9889795918 24.53783 19.85184 142.74310 200 400 0.02143 
0.9893877551 16.65951 33.56116 114.12230 200 400 0.02143 
0.9897959184 6.16996 106.22883 35.59383 200 400 0.02143 
0.9902040816 25.51497 148.67481 4.25509 200 400 0.02143 
0.9906122449 261.51936 7.47619 39.24563 200 400 0.02143 
0.9910204082 7.42506 73.87513 61.98920 200 400 0.02143 
0.9914285714 229.44900 14.70050 11.24549 200 400 0.02143 
0.9918367347 4.62185 168.40919 13.78418 200 400 0.02143 
0.9922448980 24.59757 10.24032 176.14264 200 400 0.02143 
0.9926530612 122.54986 2.80568 123.40216 200 400 0.02143 
0.9930612245 153.08010 2.83374 105.06147 200 400 0.02143 
0.9934693878 50.13386 3.69644 189.83919 200 400 0.02143 
0.9938775510 3.20248 157.00309 13.02995 200 400 0.02143 
0.9942857143 253.26921 8.79461 11.34615 200 400 0.02143 
0.9946938776 8.35917 34.17218 113.82071 200 400 0.02143 
0.9951020408 278.61763 5.55283 20.36728 200 400 0.02143 
0.9955102041 103.04730 64.99968 1.66231 200 400 0.02143 
0.9959183673 93.00420 72.01459 1.47250 200 400 0.02143 
0.9963265306 248.71038 6.42854 7.29705 200 400 0.02143 
0.9967346939 7.56508 13.32069 168.43432 200 400 0.02143 
0.9971428571 201.09787 9.86992 2.44475 200 400 0.02143 
0.9975510204 36.78749 129.34250 0.74420 200 400 0.02143 
0.9979591837 115.65806 57.79785 0.66246 200 400 0.02143 
0.9983673469 119.16464 0.39652 137.77916 200 400 0.02143 
0.9987755102 78.15498 80.89110 0.33111 200 400 0.02143 
0.9991836735 101.96009 62.49160 0.22103 200 400 0.02143 
0.9995918367 1.51762 4.17432 217.01191 200 400 0.02143 
1.0000000000 0.00014 184.02642 0.00000 200 400 0.02143 
0.9800000000 42.54689 120.34872 8.07478 200 600 0.02143 
0.9804081633 127.47981 8.31157 132.98996 200 600 0.02143 
0.9808163265 19.32884 158.96620 10.59316 200 600 0.02143 
0.9812244898 84.39382 9.17526 157.83997 200 600 0.02143 
0.9816326531 114.24080 55.48376 8.05857 200 600 0.02143 
0.9820408163 10.37446 134.37221 28.22111 200 600 0.02143 
0.9824489796 48.00486 15.43966 151.05365 200 600 0.02143 
0.9828571429 178.27186 7.96380 94.26681 200 600 0.02143 
0.9832653061 234.50025 15.38334 33.01971 200 600 0.02143 
0.9836734694 213.00307 21.68341 18.81995 200 600 0.02143 
0.9840816327 230.23479 17.30584 25.42006 200 600 0.02143 
0.9844897959 212.10153 8.55066 69.63663 200 600 0.02143 
0.9848979592 68.38363 8.03283 169.16786 200 600 0.02143 
0.9853061224 9.98752 95.54153 44.47781 200 600 0.02143 
0.9857142857 72.37174 86.10459 5.30795 200 600 0.02143 
0.9861224490 117.77644 5.60519 140.87079 200 600 0.02143 
0.9865306122 10.52711 181.05130 9.97838 200 600 0.02143 
0.9869387755 118.17322 5.24192 140.03661 200 600 0.02143 
0.9873469388 73.14156 85.49955 4.66719 200 600 0.02143 
0.9877551020 7.86782 100.19991 40.35469 200 600 0.02143 
0.9881632653 49.53969 7.85767 178.09511 200 600 0.02143 
0.9885714286 163.86367 4.82832 103.06828 200 600 0.02143 
0.9889795918 221.31425 6.02768 68.24288 200 600 0.02143 
0.9893877551 181.01922 4.74114 91.70126 200 600 0.02143 
0.9897959184 59.75865 5.35702 181.94247 200 600 0.02143 
0.9902040816 7.21432 84.27545 51.55621 200 600 0.02143 
0.9906122449 61.73521 97.45906 3.40215 200 600 0.02143 
0.9910204082 99.66286 3.58383 149.16152 200 600 0.02143 
0.9914285714 19.44585 162.89724 4.01652 200 600 0.02143 
0.9918367347 22.24660 13.67951 162.60414 200 600 0.02143 
0.9922448980 255.03001 4.94887 52.78462 200 600 0.02143 
0.9926530612 173.40345 23.46438 4.33843 200 600 0.02143 
0.9930612245 150.09468 31.99575 3.37295 200 600 0.02143 
0.9934693878 255.62936 9.62561 14.37439 200 600 0.02143 
0.9938775510 19.09100 9.17372 183.15778 200 600 0.02143 
0.9942857143 25.85372 148.87172 2.23206 200 600 0.02143 
0.9946938776 156.48918 2.18056 103.22184 200 600 0.02143 
0.9951020408 47.51236 113.61379 1.74055 200 600 0.02143 
0.9955102041 2.49156 147.90783 13.00520 200 600 0.02143 
0.9959183673 2.21831 141.77456 13.85629 200 600 0.02143 
0.9963265306 24.30233 153.30044 1.32004 200 600 0.02143 
0.9967346939 207.97472 1.21743 91.21774 200 600 0.02143 
0.9971428571 8.45934 203.02672 1.57313 200 600 0.02143 
0.9975510204 0.94598 134.09855 24.02491 200 600 0.02143 
0.9979591837 1.15594 148.45288 7.92760 200 600 0.02143 
0.9983673469 206.40050 11.13802 1.07561 200 600 0.02143 
0.9987755102 0.62611 154.99873 6.83548 200 600 0.02143 
0.9991836735 0.65921 157.10323 3.52280 200 600 0.02143 
0.9995918367 104.19430 0.07752 144.93441 200 600 0.02143 
1.0000000000 0.00000 189.37859 0.02130 200 600 0.02143 
