0.9000000000 88.50204 64.86416 57.31136 1 1 70.00000 
0.9250000000 87.91474 64.43945 55.73969 1 1 70.00000 
0.9500000000 87.16747 63.96700 54.42031 1 1 70.00000 
0.9750000000 102.01525 63.71520 36.15220 1 1 70.00000 
1.0000000000 267.62762 0.00007 0.00173 1 1 70.00000 
0.9000000000 88.49963 64.86430 57.31301 1 201 70.00000 
0.9250000000 87.91477 64.43943 55.73969 1 201 70.00000 
0.9500000000 87.16748 63.96699 54.42032 1 201 70.00000 
0.9750000000 102.01492 63.71542 36.15205 1 201 70.00000 
1.0000000000 267.62947 0.00007 0.00173 1 201 70.00000 
0.9000000000 88.49400 64.86755 57.31208 1 400 70.00000 
0.9250000000 87.91480 64.43941 55.73971 1 400 70.00000 
0.9500000000 87.16749 63.96698 54.42033 1 400 70.00000 
0.9750000000 102.01514 63.71537 36.15187 1 400 70.00000 
1.0000000000 267.64135 0.00007 0.00173 1 400 70.00000 
0.9000000000 88.49132 64.87071 57.30895 1 600 70.00000 
0.9250000000 87.91480 64.43940 55.73973 1 600 70.00000 
0.9500000000 87.16748 63.96698 54.42033 1 600 70.00000 
0.9750000000 102.01579 63.71502 36.15188 1 600 70.00000 
1.0000000000 267.65120 0.00007 0.00174 1 600 70.00000 
0.9000000000 88.49223 64.87197 57.30614 100 1 70.00000 
0.9250000000 87.91477 64.43940 55.73973 100 1 70.00000 
0.9500000000 87.16747 63.96699 54.42033 100 1 70.00000 
0.9750000000 102.01636 63.71467 36.15201 100 1 70.00000 
1.0000000000 267.65393 0.00007 0.00174 100 1 70.00000 
0.9000000000 88.49963 64.86430 57.31301 100 201 70.00000 
0.9250000000 87.91477 64.43943 55.73969 100 201 70.00000 
0.9500000000 87.16748 63.96699 54.42032 100 201 70.00000 
0.9750000000 102.01492 63.71542 36.15205 100 201 70.00000 
1.0000000000 267.62947 0.00007 0.00173 100 201 70.00000 
0.9000000000 88.49400 64.86755 57.31208 100 400 70.00000 
0.9250000000 87.91480 64.43941 55.73971 100 400 70.00000 
0.9500000000 87.16749 63.96698 54.42033 100 400 70.00000 
0.9750000000 102.01514 63.71537 36.15187 100 400 70.00000 
1.0000000000 267.64135 0.00007 0.00173 100 400 70.00000 
0.9000000000 88.49132 64.87071 57.30895 100 600 70.00000 
0.9250000000 87.91480 64.43940 55.73973 100 600 70.00000 
0.9500000000 87.16748 63.96698 54.42033 100 600 70.00000 
0.9750000000 102.01579 63.71502 36.15188 100 600 70.00000 
1.0000000000 267.65120 0.00007 0.00174 100 600 70.00000 
0.9000000000 88.49206 64.87191 57.30639 200 1 70.00000 
0.9250000000 87.91478 64.43940 55.73973 200 1 70.00000 
0.9500000000 87.16747 63.96699 54.42033 200 1 70.00000 
0.9750000000 102.01631 63.71470 36.15200 200 1 70.00000 
1.0000000000 267.65387 0.00007 0.00174 200 1 70.00000 
0.9000000000 88.49963 64.86430 57.31301 200 201 70.00000 
0.9250000000 87.91477 64.43943 55.73969 200 201 70.00000 
0.9500000000 87.16748 63.96699 54.42032 200 201 70.00000 
0.9750000000 102.01492 63.71542 36.15205 200 201 70.00000 
1.0000000000 267.62947 0.00007 0.00173 200 201 70.00000 
0.9000000000 88.49400 64.86755 57.31208 200 400 70.00000 
0.9250000000 87.91480 64.43941 55.73971 200 400 70.00000 
0.9500000000 87.16749 63.96698 54.42033 200 400 70.00000 
0.9750000000 102.01514 63.71537 36.15187 200 400 70.00000 
1.0000000000 267.64135 0.00007 0.00173 200 400 70.00000 
0.9000000000 88.49132 64.87071 57.30895 200 600 70.00000 
0.9250000000 87.91480 64.43940 55.73973 200 600 70.00000 
0.9500000000 87.16748 63.96698 54.42033 200 600 70.00000 
0.9750000000 102.01579 63.71502 36.15188 200 600 70.00000 
1.0000000000 267.65120 0.00007 0.00174 200 600 70.00000 
