0.9800000000 143.86949 42.91580 11.05745 1 1 0.00000 
0.9804081633 41.32864 22.73500 133.26705 1 1 0.00000 
0.9808163265 87.85694 72.96444 7.58132 1 1 0.00000 
0.9812244898 25.99822 40.46382 101.45342 1 1 0.00000 
0.9816326531 228.33741 17.02768 32.96852 1 1 0.00000 
0.9820408163 22.82575 152.78237 8.86199 1 1 0.00000 
0.9824489796 15.31738 71.84133 63.46228 1 1 0.00000 
0.9828571429 61.80618 10.76146 162.26092 1 1 0.00000 
0.9832653061 145.21921 7.01537 120.08593 1 1 0.00000 
0.9836734694 186.45663 7.80510 88.24828 1 1 0.00000 
0.9840816327 163.07099 6.91541 106.06782 1 1 0.00000 
0.9844897959 79.99713 7.36036 165.25345 1 1 0.00000 
0.9848979592 18.75510 46.19473 93.51820 1 1 0.00000 
0.9853061224 10.69588 178.05147 11.33091 1 1 0.00000 
0.9857142857 202.01591 23.41013 13.41528 1 1 0.00000 
0.9861224490 31.36497 19.67765 142.26007 1 1 0.00000 
0.9865306122 68.00824 90.46964 4.97248 1 1 0.00000 
0.9869387755 30.99524 18.16162 146.42962 1 1 0.00000 
0.9873469388 203.48023 22.19259 11.77924 1 1 0.00000 
0.9877551020 9.56654 184.55461 9.41885 1 1 0.00000 
0.9881632653 12.40364 56.77050 80.20673 1 1 0.00000 
0.9885714286 44.23664 8.54963 177.19047 1 1 0.00000 
0.9889795918 72.17136 5.16261 174.39869 1 1 0.00000 
0.9893877551 49.04142 6.74817 182.93894 1 1 0.00000 
0.9897959184 13.46131 42.42320 100.04127 1 1 0.00000 
0.9902040816 6.38168 185.26546 10.82213 1 1 0.00000 
0.9906122449 189.70101 22.18715 6.91514 1 1 0.00000 
0.9910204082 20.95165 18.20282 147.91604 1 1 0.00000 
0.9914285714 125.38727 45.73431 3.61436 1 1 0.00000 
0.9918367347 5.52539 91.95194 45.14705 1 1 0.00000 
0.9922448980 83.36282 3.24014 160.80095 1 1 0.00000 
0.9926530612 260.25702 4.83118 49.92491 1 1 0.00000 
0.9930612245 272.47234 5.91425 35.02381 1 1 0.00000 
0.9934693878 150.36406 2.66571 106.18181 1 1 0.00000 
0.9938775510 4.38820 79.86612 59.34778 1 1 0.00000 
0.9942857143 136.01813 41.17543 2.33720 1 1 0.00000 
0.9946938776 38.37631 3.61575 198.06917 1 1 0.00000 
0.9951020408 161.54346 26.05643 2.44120 1 1 0.00000 
0.9955102041 10.57648 193.32841 2.46408 1 1 0.00000 
0.9959183673 8.51587 201.26696 2.51249 1 1 0.00000 
0.9963265306 154.96995 34.98799 1.53466 1 1 0.00000 
0.9967346939 44.32085 1.65455 169.92727 1 1 0.00000 
0.9971428571 118.56131 56.60175 1.01713 1 1 0.00000 
0.9975510204 2.55602 199.76683 3.24566 1 1 0.00000 
0.9979591837 8.32385 204.21927 1.03859 1 1 0.00000 
0.9983673469 298.49846 1.42601 21.46949 1 1 0.00000 
0.9987755102 4.29820 220.21201 0.85708 1 1 0.00000 
0.9991836735 6.08641 214.69876 0.43917 1 1 0.00000 
0.9995918367 13.17169 0.39905 159.62495 1 1 0.00000 
1.0000000000 0.00000 186.78095 0.00000 1 1 0.00000 
0.9800000000 62.28489 96.40770 7.67084 1 201 0.00000 
0.9804081633 97.80065 8.88394 151.42736 1 201 0.00000 
0.9808163265 29.12391 141.03220 8.65020 1 201 0.00000 
0.9812244898 62.88097 12.17230 157.12820 1 201 0.00000 
0.9816326531 146.47041 41.16769 10.10511 1 201 0.00000 
0.9820408163 10.36248 156.87563 20.29101 1 201 0.00000 
0.9824489796 35.03012 24.18145 130.89880 1 201 0.00000 
0.9828571429 143.23114 7.18890 121.65446 1 201 0.00000 
0.9832653061 231.20230 11.67414 49.76846 1 201 0.00000 
0.9836734694 234.24235 15.85568 30.29925 1 201 0.00000 
0.9840816327 238.40242 12.82017 40.07734 1 201 0.00000 
0.9844897959 178.24228 7.08931 94.54402 1 201 0.00000 
0.9848979592 49.11837 11.70595 163.01953 1 201 0.00000 
0.9853061224 8.56367 121.51199 31.67624 1 201 0.00000 
0.9857142857 100.30547 62.78613 5.64940 1 201 0.00000 
0.9861224490 85.76200 6.14892 164.26068 1 201 0.00000 
0.9865306122 16.52690 168.30916 7.28405 1 201 0.00000 
0.9869387755 84.04613 5.78220 165.83497 1 201 0.00000 
0.9873469388 103.32086 60.42159 4.99858 1 201 0.00000 
0.9877551020 6.81265 128.17699 27.59089 1 201 0.00000 
0.9881632653 33.84394 13.40182 160.90705 1 201 0.00000 
0.9885714286 121.87119 4.52259 135.10947 1 201 0.00000 
0.9889795918 176.62390 4.85225 94.50334 1 201 0.00000 
0.9893877551 135.88017 4.20324 122.29065 1 201 0.00000 
0.9897959184 39.54339 8.23138 180.34293 1 201 0.00000 
0.9902040816 5.78712 109.18217 33.67801 1 201 0.00000 
0.9906122449 94.17394 67.86081 3.52940 1 201 0.00000 
0.9910204082 65.33501 4.35080 179.40182 1 201 0.00000 
0.9914285714 40.40486 123.17480 3.29362 1 201 0.00000 
0.9918367347 14.15272 29.28270 122.29916 1 201 0.00000 
0.9922448980 206.26979 3.75873 79.60381 1 201 0.00000 
0.9926530612 212.79644 15.64728 7.19614 1 201 0.00000 
0.9930612245 184.73067 19.94785 4.59640 1 201 0.00000 
0.9934693878 273.50616 5.44357 36.33570 1 201 0.00000 
0.9938775510 17.57488 10.35573 178.02571 1 201 0.00000 
0.9942857143 25.85725 148.86437 2.23182 1 201 0.00000 
0.9946938776 156.48905 2.18056 103.22189 1 201 0.00000 
0.9951020408 47.51248 113.61365 1.74055 1 201 0.00000 
0.9955102041 2.49156 147.90792 13.00518 1 201 0.00000 
0.9959183673 2.21831 141.77464 13.85626 1 201 0.00000 
0.9963265306 24.30241 153.30025 1.32004 1 201 0.00000 
0.9967346939 207.97447 1.21743 91.21786 1 201 0.00000 
0.9971428571 8.45937 203.02661 1.57313 1 201 0.00000 
0.9975510204 0.94598 134.09861 24.02486 1 201 0.00000 
0.9979591837 1.15594 148.45293 7.92758 1 201 0.00000 
0.9983673469 206.40048 11.13800 1.07561 1 201 0.00000 
0.9987755102 0.62611 154.99868 6.83545 1 201 0.00000 
0.9991836735 0.65921 157.10322 3.52278 1 201 0.00000 
0.9995918367 104.19396 0.07752 144.93465 1 201 0.00000 
1.0000000000 0.00000 189.37857 0.02129 1 201 0.00000 
0.9800000000 22.62762 152.42010 10.25299 1 400 0.00000 
0.9804081633 177.66471 9.34242 93.65713 1 400 0.00000 
0.9808163265 12.35708 165.37515 16.10659 1 400 0.00000 
0.9812244898 128.87266 7.89597 132.35773 1 400 0.00000 
0.9816326531 72.49319 86.05540 6.99003 1 400 0.00000 
0.9820408163 12.58458 95.18767 46.15478 1 400 0.00000 
0.9824489796 77.38719 8.92486 162.00278 1 400 0.00000 
0.9828571429 222.69949 10.76969 58.19900 1 400 0.00000 
0.9832653061 200.26745 24.84219 16.07954 1 400 0.00000 
0.9836734694 159.00548 35.78969 9.71404 1 400 0.00000 
0.9840816327 183.37118 28.66214 12.15349 1 400 0.00000 
0.9844897959 239.96381 12.74033 38.83107 1 400 0.00000 
0.9848979592 112.10889 6.19671 145.58024 1 400 0.00000 
0.9853061224 14.46690 61.48514 74.05165 1 400 0.00000 
0.9857142857 36.62803 129.00236 5.73322 1 400 0.00000 
0.9861224490 176.82756 6.22282 95.41785 1 400 0.00000 
0.9865306122 7.60461 164.42278 17.32235 1 400 0.00000 
0.9869387755 177.40949 5.83853 94.79744 1 400 0.00000 
0.9873469388 36.25111 129.54693 5.04959 1 400 0.00000 
0.9877551020 11.35115 65.63637 69.71378 1 400 0.00000 
0.9881632653 86.51534 5.10153 164.36643 1 400 0.00000 
0.9885714286 226.58477 6.52020 64.45610 1 400 0.00000 
0.9889795918 256.45071 9.41835 35.72864 1 400 0.00000 
0.9893877551 242.77087 6.77812 54.72540 1 400 0.00000 
0.9897959184 106.96355 4.05804 145.63220 1 400 0.00000 
0.9902040816 11.42516 49.54956 90.18348 1 400 0.00000 
0.9906122449 25.52533 148.70101 4.06516 1 400 0.00000 
0.9910204082 161.82215 3.73448 101.96401 1 400 0.00000 
0.9914285714 8.01124 194.90381 6.54390 1 400 0.00000 
0.9918367347 40.21661 5.73064 191.34103 1 400 0.00000 
0.9922448980 265.92042 8.52379 24.01464 1 400 0.00000 
0.9926530612 124.94235 46.34652 3.05671 1 400 0.00000 
0.9930612245 99.35315 65.65818 2.53776 1 400 0.00000 
0.9934693878 193.17869 17.49841 4.75903 1 400 0.00000 
0.9938775510 79.71323 2.36936 152.78849 1 400 0.00000 
0.9942857143 3.66855 185.65112 8.46845 1 400 0.00000 
0.9946938776 276.48579 6.12734 22.27774 1 400 0.00000 
0.9951020408 4.47248 204.19434 5.22399 1 400 0.00000 
0.9955102041 3.57419 75.21080 64.86598 1 400 0.00000 
0.9959183673 3.57763 67.82780 71.92406 1 400 0.00000 
0.9963265306 2.57582 181.90264 6.31089 1 400 0.00000 
0.9967346939 252.05769 5.58408 7.25050 1 400 0.00000 
0.9971428571 1.59243 146.93979 9.90364 1 400 0.00000 
0.9975510204 3.59861 26.42220 130.18960 1 400 0.00000 
0.9979591837 1.24315 83.83096 58.33995 1 400 0.00000 
0.9983673469 70.13905 88.46301 0.45283 1 400 0.00000 
0.9987755102 1.08957 49.24093 90.69445 1 400 0.00000 
0.9991836735 0.55284 65.26292 71.58224 1 400 0.00000 
0.9995918367 220.44663 1.34971 1.41050 1 400 0.00000 
1.0000000000 0.00000 0.00003 187.46174 1 400 0.00000 
0.9800000000 192.83770 27.69813 18.63430 1 600 0.00000 
0.9804081633 26.72263 41.42342 99.87312 1 600 0.00000 
0.9808163265 131.26397 47.60939 9.48943 1 600 0.00000 
0.9812244898 17.52902 66.66403 68.59404 1 600 0.00000 
0.9816326531 220.10431 11.63120 58.10778 1 600 0.00000 
0.9820408163 43.84087 118.59289 7.08443 1 600 0.00000 
0.9824489796 11.39449 105.72341 40.19726 1 600 0.00000 
0.9828571429 38.68749 20.18991 139.83689 1 600 0.00000 
0.9832653061 96.74418 7.29861 155.37046 1 600 0.00000 
0.9836734694 133.61685 6.72404 129.13040 1 600 0.00000 
0.9840816327 110.49408 6.59963 146.69541 1 600 0.00000 
0.9844897959 49.29463 12.16853 161.32013 1 600 0.00000 
0.9848979592 12.48067 75.60895 59.62972 1 600 0.00000 
0.9853061224 19.61975 160.51492 7.43710 1 600 0.00000 
0.9857142857 240.95841 14.32592 28.47358 1 600 0.00000 
0.9861224490 19.08745 40.29729 102.51135 1 600 0.00000 
0.9865306122 110.56918 55.73351 5.50981 1 600 0.00000 
0.9869387755 18.39578 38.97311 104.74415 1 600 0.00000 
0.9873469388 246.33321 13.10687 26.79757 1 600 0.00000 
0.9877551020 19.37762 161.89798 6.02731 1 600 0.00000 
0.9881632653 8.34189 89.25336 47.60742 1 600 0.00000 
0.9885714286 25.72854 19.54085 143.41311 1 600 0.00000 
0.9889795918 41.68692 8.71315 177.40011 1 600 0.00000 
0.9893877551 28.52590 14.57413 157.98866 1 600 0.00000 
0.9897959184 8.50936 73.58543 61.75601 1 600 0.00000 
0.9902040816 10.77540 186.70996 6.23791 1 600 0.00000 
0.9906122449 245.77891 12.71747 17.10712 1 600 0.00000 
0.9910204082 11.79582 42.61788 100.02360 1 600 0.00000 
0.9914285714 172.18545 25.29698 5.09352 1 600 0.00000 
0.9918367347 4.36454 126.62440 24.21038 1 600 0.00000 
0.9922448980 42.86727 5.05800 192.45175 1 600 0.00000 
0.9926530612 190.25335 3.34510 87.40702 1 600 0.00000 
0.9930612245 236.91003 3.73520 66.08774 1 600 0.00000 
0.9934693878 95.09321 2.47004 141.00495 1 600 0.00000 
0.9938775510 4.25118 82.20068 57.14138 1 600 0.00000 
0.9942857143 136.02235 41.17277 2.33722 1 600 0.00000 
0.9946938776 38.37633 3.61575 198.06915 1 600 0.00000 
0.9951020408 161.54343 26.05645 2.44120 1 600 0.00000 
0.9955102041 10.57647 193.32845 2.46409 1 600 0.00000 
0.9959183673 8.51586 201.26699 2.51249 1 600 0.00000 
0.9963265306 154.96991 34.98802 1.53466 1 600 0.00000 
0.9967346939 44.32089 1.65455 169.92722 1 600 0.00000 
0.9971428571 118.56123 56.60179 1.01713 1 600 0.00000 
0.9975510204 2.55601 199.76677 3.24566 1 600 0.00000 
0.9979591837 8.32384 204.21932 1.03859 1 600 0.00000 
0.9983673469 298.49845 1.42601 21.46946 1 600 0.00000 
0.9987755102 4.29820 220.21201 0.85708 1 600 0.00000 
0.9991836735 6.08641 214.69878 0.43917 1 600 0.00000 
0.9995918367 13.17170 0.39905 159.62495 1 600 0.00000 
1.0000000000 0.00000 186.78095 0.00000 1 600 0.00000 
0.9800000000 48.22239 112.81186 7.87275 100 1 0.00000 
0.9804081633 117.64341 8.36627 139.87371 100 1 0.00000 
0.9808163265 21.87213 154.16791 9.86898 100 1 0.00000 
0.9812244898 77.00550 9.87673 159.17061 100 1 0.00000 
0.9816326531 123.91813 50.55242 8.53987 100 1 0.00000 
0.9820408163 10.24225 142.13176 25.44539 100 1 0.00000 
0.9824489796 43.47617 17.73850 145.43671 100 1 0.00000 
0.9828571429 167.37240 7.63665 102.73986 100 1 0.00000 
0.9832653061 235.82440 14.04824 37.84947 100 1 0.00000 
0.9836734694 221.56810 19.60797 21.90515 100 1 0.00000 
0.9840816327 235.21782 15.69244 29.53587 100 1 0.00000 
0.9844897959 202.12484 8.00153 77.02919 100 1 0.00000 
0.9848979592 61.62490 8.89441 169.06955 100 1 0.00000 
0.9853061224 9.42742 103.34675 39.99457 100 1 0.00000 
0.9857142857 80.92329 78.20281 5.36688 100 1 0.00000 
0.9861224490 106.91280 5.68580 149.37507 100 1 0.00000 
0.9865306122 11.92101 179.05186 8.96445 100 1 0.00000 
0.9869387755 106.50940 5.32174 149.39538 100 1 0.00000 
0.9873469388 82.52541 76.88511 4.72813 100 1 0.00000 
0.9877551020 7.42753 108.58770 35.76386 100 1 0.00000 
0.9881632653 43.87311 9.15262 174.72513 100 1 0.00000 
0.9885714286 150.04572 4.65614 112.85858 100 1 0.00000 
0.9889795918 207.59695 5.57101 76.28489 100 1 0.00000 
0.9893877551 166.13964 4.49791 100.83034 100 1 0.00000 
0.9897959184 52.26122 5.99692 184.24156 100 1 0.00000 
0.9902040816 6.65638 92.10105 44.96791 100 1 0.00000 
0.9906122449 71.74767 87.51663 3.39637 100 1 0.00000 
0.9910204082 87.74580 3.74195 160.28255 100 1 0.00000 
0.9914285714 24.78923 150.36783 3.72006 100 1 0.00000 
0.9918367347 19.37040 17.55648 150.13893 100 1 0.00000 
0.9922448980 243.09471 4.50277 60.69299 100 1 0.00000 
0.9926530612 184.35879 20.61779 4.87590 100 1 0.00000 
0.9930612245 161.37860 27.14796 3.67851 100 1 0.00000 
0.9934693878 268.39768 7.87292 20.91459 100 1 0.00000 
0.9938775510 18.05949 9.93669 179.82891 100 1 0.00000 
0.9942857143 25.85562 148.86784 2.23188 100 1 0.00000 
0.9946938776 156.48902 2.18056 103.22190 100 1 0.00000 
0.9951020408 47.51249 113.61363 1.74055 100 1 0.00000 
0.9955102041 2.49156 147.90794 13.00518 100 1 0.00000 
0.9959183673 2.21831 141.77466 13.85626 100 1 0.00000 
0.9963265306 24.30243 153.30022 1.32004 100 1 0.00000 
0.9967346939 207.97443 1.21743 91.21788 100 1 0.00000 
0.9971428571 8.45937 203.02659 1.57313 100 1 0.00000 
0.9975510204 0.94598 134.09862 24.02485 100 1 0.00000 
0.9979591837 1.15594 148.45293 7.92758 100 1 0.00000 
0.9983673469 206.40048 11.13799 1.07561 100 1 0.00000 
0.9987755102 0.62611 154.99868 6.83545 100 1 0.00000 
0.9991836735 0.65921 157.10322 3.52278 100 1 0.00000 
0.9995918367 104.19391 0.07752 144.93469 100 1 0.00000 
1.0000000000 0.00000 189.37856 0.02129 100 1 0.00000 
0.9800000000 26.96037 144.63711 9.41489 100 201 0.00000 
0.9804081633 163.68267 8.84682 104.96827 100 201 0.00000 
0.9808163265 13.56626 166.88483 14.15933 100 201 0.00000 
0.9812244898 115.02572 7.96984 142.21387 100 201 0.00000 
0.9816326531 83.45808 76.33788 7.12509 100 201 0.00000 
0.9820408163 11.69184 105.91674 40.27518 100 201 0.00000 
0.9824489796 67.71118 10.10331 162.31570 100 201 0.00000 
0.9828571429 212.42221 9.75732 67.40674 100 201 0.00000 
0.9832653061 213.70612 21.60963 19.72078 100 201 0.00000 
0.9836734694 175.09846 31.06411 11.43628 100 201 0.00000 
0.9840816327 199.17756 24.79224 14.82443 100 201 0.00000 
0.9844897959 236.82130 11.25258 46.65197 100 201 0.00000 
0.9848979592 97.96197 6.41846 155.73496 100 201 0.00000 
0.9853061224 12.86359 70.56295 64.36474 100 201 0.00000 
0.9857142857 45.27690 116.65089 5.47384 100 201 0.00000 
0.9861224490 159.94393 5.87840 107.74719 100 201 0.00000 
0.9865306122 8.04913 173.47215 14.57681 100 201 0.00000 
0.9869387755 158.94187 5.48799 107.95764 100 201 0.00000 
0.9873469388 45.99049 115.69407 4.79920 100 201 0.00000 
0.9877551020 9.99578 75.78043 59.24787 100 201 0.00000 
0.9881632653 73.11200 5.56834 173.28313 100 201 0.00000 
0.9885714286 208.59077 5.83380 75.42267 100 201 0.00000 
0.9889795918 252.16836 8.10660 44.70396 100 201 0.00000 
0.9893877551 226.92233 5.97766 65.35670 100 201 0.00000 
0.9897959184 90.59235 4.25362 159.94969 100 201 0.00000 
0.9902040816 9.77981 59.77612 77.30416 100 201 0.00000 
0.9906122449 34.45892 132.29398 3.74435 100 201 0.00000 
0.9910204082 141.34328 3.55142 114.82620 100 201 0.00000 
0.9914285714 9.95038 190.70793 5.50497 100 201 0.00000 
0.9918367347 33.42285 7.07862 188.19797 100 201 0.00000 
0.9922448980 269.60599 7.06225 31.85277 100 201 0.00000 
0.9926530612 140.15444 37.14841 3.34149 100 201 0.00000 
0.9930612245 113.83363 54.59922 2.69838 100 201 0.00000 
0.9934693878 206.02895 15.20264 5.63132 100 201 0.00000 
0.9938775510 78.40834 2.38006 154.16265 100 201 0.00000 
0.9942857143 3.66860 185.65283 8.46821 100 201 0.00000 
0.9946938776 276.48578 6.12734 22.27773 100 201 0.00000 
0.9951020408 4.47247 204.19433 5.22399 100 201 0.00000 
0.9955102041 3.57420 75.21077 64.86600 100 201 0.00000 
0.9959183673 3.57763 67.82777 71.92409 100 201 0.00000 
0.9963265306 2.57582 181.90261 6.31090 100 201 0.00000 
0.9967346939 252.05765 5.58408 7.25049 100 201 0.00000 
0.9971428571 1.59243 146.93977 9.90364 100 201 0.00000 
0.9975510204 3.59861 26.42218 130.18965 100 201 0.00000 
0.9979591837 1.24315 83.83092 58.33998 100 201 0.00000 
0.9983673469 70.13900 88.46306 0.45283 100 201 0.00000 
0.9987755102 1.08957 49.24091 90.69448 100 201 0.00000 
0.9991836735 0.55284 65.26289 71.58226 100 201 0.00000 
0.9995918367 220.44662 1.34971 1.41050 100 201 0.00000 
1.0000000000 0.00000 0.00003 187.46175 100 201 0.00000 
0.9800000000 222.64073 18.48078 33.55536 100 400 0.00000 
0.9804081633 18.49149 66.10472 69.24197 100 400 0.00000 
0.9808163265 179.47964 31.12191 14.87121 100 400 0.00000 
0.9812244898 13.00506 97.75538 44.97737 100 400 0.00000 
0.9816326531 182.03206 8.80055 90.82454 100 400 0.00000 
0.9820408163 75.55430 83.17396 6.84169 100 400 0.00000 
0.9824489796 9.96580 142.69522 25.15378 100 400 0.00000 
0.9828571429 24.63300 38.27837 105.14658 100 400 0.00000 
0.9832653061 62.10605 10.30955 163.74266 100 400 0.00000 
0.9836734694 88.42562 7.39343 160.32057 100 400 0.00000 
0.9840816327 71.03864 8.36283 166.81081 100 400 0.00000 
0.9844897959 30.79363 24.07376 131.67874 100 400 0.00000 
0.9848979592 9.38160 109.13285 37.30124 100 400 0.00000 
0.9853061224 39.99908 123.98021 5.78599 100 400 0.00000 
0.9857142857 234.74308 9.43762 53.09030 100 400 0.00000 
0.9861224490 12.51671 67.97183 67.00720 100 400 0.00000 
0.9865306122 158.06513 34.16168 7.57953 100 400 0.00000 
0.9869387755 11.85269 67.36899 67.70686 100 400 0.00000 
0.9873469388 239.99361 8.40955 52.24207 100 400 0.00000 
0.9877551020 42.62049 120.21667 4.70280 100 400 0.00000 
0.9881632653 6.61106 125.54382 28.22007 100 400 0.00000 
0.9885714286 15.23152 41.89862 100.55199 100 400 0.00000 
0.9889795918 24.53783 19.85184 142.74310 100 400 0.00000 
0.9893877551 16.65951 33.56116 114.12230 100 400 0.00000 
0.9897959184 6.16996 106.22883 35.59383 100 400 0.00000 
0.9902040816 25.51497 148.67481 4.25509 100 400 0.00000 
0.9906122449 261.51936 7.47619 39.24563 100 400 0.00000 
0.9910204082 7.42506 73.87513 61.98920 100 400 0.00000 
0.9914285714 229.44900 14.70050 11.24549 100 400 0.00000 
0.9918367347 4.62185 168.40919 13.78418 100 400 0.00000 
0.9922448980 24.59757 10.24032 176.14264 100 400 0.00000 
0.9926530612 122.54986 2.80568 123.40216 100 400 0.00000 
0.9930612245 153.08010 2.83374 105.06147 100 400 0.00000 
0.9934693878 50.13386 3.69644 189.83919 100 400 0.00000 
0.9938775510 3.20248 157.00309 13.02995 100 400 0.00000 
0.9942857143 253.26921 8.79461 11.34615 100 400 0.00000 
0.9946938776 8.35917 34.17218 113.82071 100 400 0.00000 
0.9951020408 278.61763 5.55283 20.36728 100 400 0.00000 
0.9955102041 103.04730 64.99968 1.66231 100 400 0.00000 
0.9959183673 93.00420 72.01459 1.47250 100 400 0.00000 
0.9963265306 248.71038 6.42854 7.29705 100 400 0.00000 
0.9967346939 7.56508 13.32069 168.43432 100 400 0.00000 
0.9971428571 201.09787 9.86992 2.44475 100 400 0.00000 
0.9975510204 36.78749 129.34250 0.74420 100 400 0.00000 
0.9979591837 115.65806 57.79785 0.66246 100 400 0.00000 
0.9983673469 119.16464 0.39652 137.77916 100 400 0.00000 
0.9987755102 78.15498 80.89110 0.33111 100 400 0.00000 
0.9991836735 101.96009 62.49160 0.22103 100 400 0.00000 
0.9995918367 1.51762 4.17432 217.01191 100 400 0.00000 
1.0000000000 0.00014 184.02642 0.00000 100 400 0.00000 
0.9800000000 42.54689 120.34872 8.07478 100 600 0.00000 
0.9804081633 127.47981 8.31157 132.98996 100 600 0.00000 
0.9808163265 19.32884 158.96620 10.59316 100 600 0.00000 
0.9812244898 84.39382 9.17526 157.83997 100 600 0.00000 
0.9816326531 114.24080 55.48376 8.05857 100 600 0.00000 
0.9820408163 10.37446 134.37221 28.22111 100 600 0.00000 
0.9824489796 48.00486 15.43966 151.05365 100 600 0.00000 
0.9828571429 178.27186 7.96380 94.26681 100 600 0.00000 
0.9832653061 234.50025 15.38334 33.01971 100 600 0.00000 
0.9836734694 213.00307 21.68341 18.81995 100 600 0.00000 
0.9840816327 230.23479 17.30584 25.42006 100 600 0.00000 
0.9844897959 212.10153 8.55066 69.63663 100 600 0.00000 
0.9848979592 68.38363 8.03283 169.16786 100 600 0.00000 
0.9853061224 9.98752 95.54153 44.47781 100 600 0.00000 
0.9857142857 72.37174 86.10459 5.30795 100 600 0.00000 
0.9861224490 117.77644 5.60519 140.87079 100 600 0.00000 
0.9865306122 10.52711 181.05130 9.97838 100 600 0.00000 
0.9869387755 118.17322 5.24192 140.03661 100 600 0.00000 
0.9873469388 73.14156 85.49955 4.66719 100 600 0.00000 
0.9877551020 7.86782 100.19991 40.35469 100 600 0.00000 
0.9881632653 49.53969 7.85767 178.09511 100 600 0.00000 
0.9885714286 163.86367 4.82832 103.06828 100 600 0.00000 
0.9889795918 221.31425 6.02768 68.24288 100 600 0.00000 
0.9893877551 181.01922 4.74114 91.70126 100 600 0.00000 
0.9897959184 59.75865 5.35702 181.94247 100 600 0.00000 
0.9902040816 7.21432 84.27545 51.55621 100 600 0.00000 
0.9906122449 61.73521 97.45906 3.40215 100 600 0.00000 
0.9910204082 99.66286 3.58383 149.16152 100 600 0.00000 
0.9914285714 19.44585 162.89724 4.01652 100 600 0.00000 
0.9918367347 22.24660 13.67951 162.60414 100 600 0.00000 
0.9922448980 255.03001 4.94887 52.78462 100 600 0.00000 
0.9926530612 173.40345 23.46438 4.33843 100 600 0.00000 
0.9930612245 150.09468 31.99575 3.37295 100 600 0.00000 
0.9934693878 255.62936 9.62561 14.37439 100 600 0.00000 
0.9938775510 19.09100 9.17372 183.15778 100 600 0.00000 
0.9942857143 25.85372 148.87172 2.23206 100 600 0.00000 
0.9946938776 156.48918 2.18056 103.22184 100 600 0.00000 
0.9951020408 47.51236 113.61379 1.74055 100 600 0.00000 
0.9955102041 2.49156 147.90783 13.00520 100 600 0.00000 
0.9959183673 2.21831 141.77456 13.85629 100 600 0.00000 
0.9963265306 24.30233 153.30044 1.32004 100 600 0.00000 
0.9967346939 207.97472 1.21743 91.21774 100 600 0.00000 
0.9971428571 8.45934 203.02672 1.57313 100 600 0.00000 
0.9975510204 0.94598 134.09855 24.02491 100 600 0.00000 
0.9979591837 1.15594 148.45288 7.92760 100 600 0.00000 
0.9983673469 206.40050 11.13802 1.07561 100 600 0.00000 
0.9987755102 0.62611 154.99873 6.83548 100 600 0.00000 
0.9991836735 0.65921 157.10323 3.52280 100 600 0.00000 
0.9995918367 104.19430 0.07752 144.93441 100 600 0.00000 
1.0000000000 0.00000 189.37859 0.02130 100 600 0.00000 
0.9800000000 45.77211 115.99294 7.94886 200 1 0.00000 
0.9804081633 121.73240 8.33075 137.07744 200 1 0.00000 
0.9808163265 20.74675 156.29639 10.15985 200 1 0.00000 
0.9812244898 80.03962 9.55810 158.79042 200 1 0.00000 
0.9816326531 119.79503 52.57492 8.32242 200 1 0.00000 
0.9820408163 10.28438 138.92015 26.57978 200 1 0.00000 
0.9824489796 45.32773 16.72407 147.89735 200 1 0.00000 
0.9828571429 171.98824 7.76475 99.14457 200 1 0.00000 
0.9832653061 235.53798 14.58896 35.76631 200 1 0.00000 
0.9836734694 218.14459 20.45166 20.54939 200 1 0.00000 
0.9840816327 233.37807 16.34623 27.74643 200 1 0.00000 
0.9844897959 206.42263 8.22199 73.87198 200 1 0.00000 
0.9848979592 64.38181 8.50422 169.32906 200 1 0.00000 
0.9853061224 9.64997 100.02265 41.82225 200 1 0.00000 
0.9857142857 77.30162 81.46396 5.33693 200 1 0.00000 
0.9861224490 111.38862 5.64306 145.90643 200 1 0.00000 
0.9865306122 11.27949 180.15441 9.37635 200 1 0.00000 
0.9869387755 111.39965 5.27847 145.49955 200 1 0.00000 
0.9873469388 78.49140 80.49455 4.69708 200 1 0.00000 
0.9877551020 7.60334 104.95092 37.65401 200 1 0.00000 
0.9881632653 46.20489 8.55513 176.43690 200 1 0.00000 
0.9885714286 155.90186 4.72123 108.61329 200 1 0.00000 
0.9889795918 213.57713 5.75581 72.82128 200 1 0.00000 
0.9893877551 172.44731 4.59355 96.86906 200 1 0.00000 
0.9897959184 55.32894 5.69988 183.57394 200 1 0.00000 
0.9902040816 6.88194 88.75750 47.67584 200 1 0.00000 
0.9906122449 67.41772 91.70431 3.39309 200 1 0.00000 
0.9910204082 92.74420 3.66526 155.62479 200 1 0.00000 
0.9914285714 22.34618 155.81813 3.83831 200 1 0.00000 
0.9918367347 20.56850 15.77003 155.60957 200 1 0.00000 
0.9922448980 248.67144 4.68420 57.22686 200 1 0.00000 
0.9926530612 179.57779 21.77520 4.62286 200 1 0.00000 
0.9930612245 156.59807 29.07999 3.54116 200 1 0.00000 
0.9934693878 263.88316 8.57475 17.96769 200 1 0.00000 
0.9938775510 18.32932 9.72170 180.76175 200 1 0.00000 
0.9942857143 25.85484 148.86946 2.23192 200 1 0.00000 
0.9946938776 156.48903 2.18056 103.22190 200 1 0.00000 
0.9951020408 47.51249 113.61363 1.74055 200 1 0.00000 
0.9955102041 2.49156 147.90793 13.00518 200 1 0.00000 
0.9959183673 2.21831 141.77465 13.85626 200 1 0.00000 
0.9963265306 24.30242 153.30023 1.32004 200 1 0.00000 
0.9967346939 207.97444 1.21743 91.21787 200 1 0.00000 
0.9971428571 8.45937 203.02660 1.57313 200 1 0.00000 
0.9975510204 0.94598 134.09861 24.02485 200 1 0.00000 
0.9979591837 1.15594 148.45293 7.92758 200 1 0.00000 
0.9983673469 206.40048 11.13799 1.07561 200 1 0.00000 
0.9987755102 0.62611 154.99868 6.83545 200 1 0.00000 
0.9991836735 0.65921 157.10322 3.52278 200 1 0.00000 
0.9995918367 104.19393 0.07752 144.93467 200 1 0.00000 
1.0000000000 0.00000 189.37857 0.02129 200 1 0.00000 
0.9800000000 26.96033 144.63718 9.41489 200 201 0.00000 
0.9804081633 163.68279 8.84682 104.96818 200 201 0.00000 
0.9808163265 13.56625 166.88483 14.15935 200 201 0.00000 
0.9812244898 115.02583 7.96984 142.21380 200 201 0.00000 
0.9816326531 83.45799 76.33795 7.12509 200 201 0.00000 
0.9820408163 11.69185 105.91665 40.27523 200 201 0.00000 
0.9824489796 67.71126 10.10330 162.31571 200 201 0.00000 
0.9828571429 212.42230 9.75733 67.40666 200 201 0.00000 
0.9832653061 213.70603 21.60965 19.72075 200 201 0.00000 
0.9836734694 175.09833 31.06414 11.43626 200 201 0.00000 
0.9840816327 199.17744 24.79227 14.82440 200 201 0.00000 
0.9844897959 236.82135 11.25259 46.65190 200 201 0.00000 
0.9848979592 97.96208 6.41846 155.73489 200 201 0.00000 
0.9853061224 12.86360 70.56287 64.36482 200 201 0.00000 
0.9857142857 45.27683 116.65099 5.47385 200 201 0.00000 
0.9861224490 159.94407 5.87841 107.74709 200 201 0.00000 
0.9865306122 8.04913 173.47209 14.57683 200 201 0.00000 
0.9869387755 158.94201 5.48799 107.95754 200 201 0.00000 
0.9873469388 45.99041 115.69418 4.79920 200 201 0.00000 
0.9877551020 9.99579 75.78035 59.24794 200 201 0.00000 
0.9881632653 73.11210 5.56833 173.28308 200 201 0.00000 
0.9885714286 208.59092 5.83380 75.42259 200 201 0.00000 
0.9889795918 252.16841 8.10660 44.70389 200 201 0.00000 
0.9893877551 226.92247 5.97767 65.35662 200 201 0.00000 
0.9897959184 90.59247 4.25362 159.94959 200 201 0.00000 
0.9902040816 9.77982 59.77604 77.30426 200 201 0.00000 
0.9906122449 34.45885 132.29411 3.74435 200 201 0.00000 
0.9910204082 141.34343 3.55142 114.82610 200 201 0.00000 
0.9914285714 9.95036 190.70798 5.50498 200 201 0.00000 
0.9918367347 33.42290 7.07861 188.19801 200 201 0.00000 
0.9922448980 269.60598 7.06226 31.85271 200 201 0.00000 
0.9926530612 140.15433 37.14847 3.34149 200 201 0.00000 
0.9930612245 113.83352 54.59931 2.69838 200 201 0.00000 
0.9934693878 206.02884 15.20265 5.63131 200 201 0.00000 
0.9938775510 78.40836 2.38006 154.16263 200 201 0.00000 
0.9942857143 3.66860 185.65283 8.46821 200 201 0.00000 
0.9946938776 276.48578 6.12734 22.27773 200 201 0.00000 
0.9951020408 4.47247 204.19433 5.22399 200 201 0.00000 
0.9955102041 3.57420 75.21077 64.86600 200 201 0.00000 
0.9959183673 3.57763 67.82777 71.92409 200 201 0.00000 
0.9963265306 2.57582 181.90261 6.31090 200 201 0.00000 
0.9967346939 252.05765 5.58408 7.25049 200 201 0.00000 
0.9971428571 1.59243 146.93977 9.90364 200 201 0.00000 
0.9975510204 3.59861 26.42218 130.18965 200 201 0.00000 
0.9979591837 1.24315 83.83092 58.33998 200 201 0.00000 
0.9983673469 70.13900 88.46306 0.45283 200 201 0.00000 
0.9987755102 1.08957 49.24091 90.69448 200 201 0.00000 
0.9991836735 0.55284 65.26289 71.58226 200 201 0.00000 
0.9995918367 220.44662 1.34971 1.41050 200 201 0.00000 
1.0000000000 0.00000 0.00003 187.46175 200 201 0.00000 
0.9800000000 222.64073 18.48078 33.55536 200 400 0.00000 
0.9804081633 18.49149 66.10472 69.24197 200 400 0.00000 
0.9808163265 179.47964 31.12191 14.87121 200 400 0.00000 
0.9812244898 13.00506 97.75538 44.97737 200 400 0.00000 
0.9816326531 182.03206 8.80055 90.82454 200 400 0.00000 
0.9820408163 75.55430 83.17396 6.84169 200 400 0.00000 
0.9824489796 9.96580 142.69522 25.15378 200 400 0.00000 
0.9828571429 24.63300 38.27837 105.14658 200 400 0.00000 
0.9832653061 62.10605 10.30955 163.74266 200 400 0.00000 
0.9836734694 88.42562 7.39343 160.32057 200 400 0.00000 
0.9840816327 71.03864 8.36283 166.81081 200 400 0.00000 
0.9844897959 30.79363 24.07376 131.67874 200 400 0.00000 
0.9848979592 9.38160 109.13285 37.30124 200 400 0.00000 
0.9853061224 39.99908 123.98021 5.78599 200 400 0.00000 
0.9857142857 234.74308 9.43762 53.09030 200 400 0.00000 
0.9861224490 12.51671 67.97183 67.00720 200 400 0.00000 
0.9865306122 158.06513 34.16168 7.57953 200 400 0.00000 
0.9869387755 11.85269 67.36899 67.70686 200 400 0.00000 
0.9873469388 239.99361 8.40955 52.24207 200 400 0.00000 
0.9877551020 42.62049 120.21667 4.70280 200 400 0.00000 
0.9881632653 6.61106 125.54382 28.22007 200 400 0.00000 
0.9885714286 15.23152 41.89862 100.55199 200 400 0.00000 
0.9889795918 24.53783 19.85184 142.74310 200 400 0.00000 
0.9893877551 16.65951 33.56116 114.12230 200 400 0.00000 
0.9897959184 6.16996 106.22883 35.59383 200 400 0.00000 
0.9902040816 25.51497 148.67481 4.25509 200 400 0.00000 
0.9906122449 261.51936 7.47619 39.24563 200 400 0.00000 
0.9910204082 7.42506 73.87513 61.98920 200 400 0.00000 
0.9914285714 229.44900 14.70050 11.24549 200 400 0.00000 
0.9918367347 4.62185 168.40919 13.78418 200 400 0.00000 
0.9922448980 24.59757 10.24032 176.14264 200 400 0.00000 
0.9926530612 122.54986 2.80568 123.40216 200 400 0.00000 
0.9930612245 153.08010 2.83374 105.06147 200 400 0.00000 
0.9934693878 50.13386 3.69644 189.83919 200 400 0.00000 
0.9938775510 3.20248 157.00309 13.02995 200 400 0.00000 
0.9942857143 253.26921 8.79461 11.34615 200 400 0.00000 
0.9946938776 8.35917 34.17218 113.82071 200 400 0.00000 
0.9951020408 278.61763 5.55283 20.36728 200 400 0.00000 
0.9955102041 103.04730 64.99968 1.66231 200 400 0.00000 
0.9959183673 93.00420 72.01459 1.47250 200 400 0.00000 
0.9963265306 248.71038 6.42854 7.29705 200 400 0.00000 
0.9967346939 7.56508 13.32069 168.43432 200 400 0.00000 
0.9971428571 201.09787 9.86992 2.44475 200 400 0.00000 
0.9975510204 36.78749 129.34250 0.74420 200 400 0.00000 
0.9979591837 115.65806 57.79785 0.66246 200 400 0.00000 
0.9983673469 119.16464 0.39652 137.77916 200 400 0.00000 
0.9987755102 78.15498 80.89110 0.33111 200 400 0.00000 
0.9991836735 101.96009 62.49160 0.22103 200 400 0.00000 
0.9995918367 1.51762 4.17432 217.01191 200 400 0.00000 
1.0000000000 0.00014 184.02642 0.00000 200 400 0.00000 
0.9800000000 42.54689 120.34872 8.07478 200 600 0.00000 
0.9804081633 127.47981 8.31157 132.98996 200 600 0.00000 
0.9808163265 19.32884 158.96620 10.59316 200 600 0.00000 
0.9812244898 84.39382 9.17526 157.83997 200 600 0.00000 
0.9816326531 114.24080 55.48376 8.05857 200 600 0.00000 
0.9820408163 10.37446 134.37221 28.22111 200 600 0.00000 
0.9824489796 48.00486 15.43966 151.05365 200 600 0.00000 
0.9828571429 178.27186 7.96380 94.26681 200 600 0.00000 
0.9832653061 234.50025 15.38334 33.01971 200 600 0.00000 
0.9836734694 213.00307 21.68341 18.81995 200 600 0.00000 
0.9840816327 230.23479 17.30584 25.42006 200 600 0.00000 
0.9844897959 212.10153 8.55066 69.63663 200 600 0.00000 
0.9848979592 68.38363 8.03283 169.16786 200 600 0.00000 
0.9853061224 9.98752 95.54153 44.47781 200 600 0.00000 
0.9857142857 72.37174 86.10459 5.30795 200 600 0.00000 
0.9861224490 117.77644 5.60519 140.87079 200 600 0.00000 
0.9865306122 10.52711 181.05130 9.97838 200 600 0.00000 
0.9869387755 118.17322 5.24192 140.03661 200 600 0.00000 
0.9873469388 73.14156 85.49955 4.66719 200 600 0.00000 
0.9877551020 7.86782 100.19991 40.35469 200 600 0.00000 
0.9881632653 49.53969 7.85767 178.09511 200 600 0.00000 
0.9885714286 163.86367 4.82832 103.06828 200 600 0.00000 
0.9889795918 221.31425 6.02768 68.24288 200 600 0.00000 
0.9893877551 181.01922 4.74114 91.70126 200 600 0.00000 
0.9897959184 59.75865 5.35702 181.94247 200 600 0.00000 
0.9902040816 7.21432 84.27545 51.55621 200 600 0.00000 
0.9906122449 61.73521 97.45906 3.40215 200 600 0.00000 
0.9910204082 99.66286 3.58383 149.16152 200 600 0.00000 
0.9914285714 19.44585 162.89724 4.01652 200 600 0.00000 
0.9918367347 22.24660 13.67951 162.60414 200 600 0.00000 
0.9922448980 255.03001 4.94887 52.78462 200 600 0.00000 
0.9926530612 173.40345 23.46438 4.33843 200 600 0.00000 
0.9930612245 150.09468 31.99575 3.37295 200 600 0.00000 
0.9934693878 255.62936 9.62561 14.37439 200 600 0.00000 
0.9938775510 19.09100 9.17372 183.15778 200 600 0.00000 
0.9942857143 25.85372 148.87172 2.23206 200 600 0.00000 
0.9946938776 156.48918 2.18056 103.22184 200 600 0.00000 
0.9951020408 47.51236 113.61379 1.74055 200 600 0.00000 
0.9955102041 2.49156 147.90783 13.00520 200 600 0.00000 
0.9959183673 2.21831 141.77456 13.85629 200 600 0.00000 
0.9963265306 24.30233 153.30044 1.32004 200 600 0.00000 
0.9967346939 207.97472 1.21743 91.21774 200 600 0.00000 
0.9971428571 8.45934 203.02672 1.57313 200 600 0.00000 
0.9975510204 0.94598 134.09855 24.02491 200 600 0.00000 
0.9979591837 1.15594 148.45288 7.92760 200 600 0.00000 
0.9983673469 206.40050 11.13802 1.07561 200 600 0.00000 
0.9987755102 0.62611 154.99873 6.83548 200 600 0.00000 
0.9991836735 0.65921 157.10323 3.52280 200 600 0.00000 
0.9995918367 104.19430 0.07752 144.93441 200 600 0.00000 
1.0000000000 0.00000 189.37859 0.02130 200 600 0.00000 
