0.0000000000 10.26070 7.54687 675.51882 1 1 20.00000 
0.2500000000 238.46281 9.77960 213.94144 1 1 20.00000 
0.5000000000 11.32880 192.99320 93.80754 1 1 20.00000 
0.7500000000 91.80519 67.29320 68.28024 1 1 20.00000 
1.0000000000 259.80784 0.92115 0.00003 1 1 20.00000 
0.0000000000 9.93441 7.30573 680.31291 1 201 20.00000 
0.2500000000 238.46281 9.77960 213.94144 1 201 20.00000 
0.5000000000 11.32880 192.99320 93.80754 1 201 20.00000 
0.7500000000 91.80519 67.29320 68.28024 1 201 20.00000 
1.0000000000 259.80784 0.92115 0.00003 1 201 20.00000 
0.0000000000 9.52503 7.00331 686.52268 1 400 20.00000 
0.2500000000 238.46281 9.77960 213.94144 1 400 20.00000 
0.5000000000 11.32880 192.99320 93.80754 1 400 20.00000 
0.7500000000 91.80519 67.29320 68.28024 1 400 20.00000 
1.0000000000 259.80784 0.92115 0.00003 1 400 20.00000 
0.0000000000 7.59206 5.57725 719.40507 1 600 20.00000 
0.2500000000 238.46281 9.77960 213.94144 1 600 20.00000 
0.5000000000 11.32880 192.99320 93.80754 1 600 20.00000 
0.7500000000 91.80519 67.29320 68.28024 1 600 20.00000 
1.0000000000 259.80784 0.92115 0.00003 1 600 20.00000 
0.0000000000 10.11161 7.43667 677.69296 100 1 20.00000 
0.2500000000 238.46281 9.77960 213.94144 100 1 20.00000 
0.5000000000 11.32880 192.99320 93.80754 100 1 20.00000 
0.7500000000 91.80519 67.29320 68.28024 100 1 20.00000 
1.0000000000 259.80784 0.92115 0.00003 100 1 20.00000 
0.0000000000 9.93441 7.30573 680.31291 100 201 20.00000 
0.2500000000 238.46281 9.77960 213.94144 100 201 20.00000 
0.5000000000 11.32880 192.99320 93.80754 100 201 20.00000 
0.7500000000 91.80519 67.29320 68.28024 100 201 20.00000 
1.0000000000 259.80784 0.92115 0.00003 100 201 20.00000 
0.0000000000 9.52503 7.00331 686.52268 100 400 20.00000 
0.2500000000 238.46281 9.77960 213.94144 100 400 20.00000 
0.5000000000 11.32880 192.99320 93.80754 100 400 20.00000 
0.7500000000 91.80519 67.29320 68.28024 100 400 20.00000 
1.0000000000 259.80784 0.92115 0.00003 100 400 20.00000 
0.0000000000 7.59206 5.57725 719.40507 100 600 20.00000 
0.2500000000 238.46281 9.77960 213.94144 100 600 20.00000 
0.5000000000 11.32880 192.99320 93.80754 100 600 20.00000 
0.7500000000 91.80519 67.29320 68.28024 100 600 20.00000 
1.0000000000 259.80784 0.92115 0.00003 100 600 20.00000 
0.0000000000 10.06711 7.40379 678.34724 200 1 20.00000 
0.2500000000 238.46281 9.77960 213.94144 200 1 20.00000 
0.5000000000 11.32880 192.99320 93.80754 200 1 20.00000 
0.7500000000 91.80519 67.29320 68.28024 200 1 20.00000 
1.0000000000 259.80784 0.92115 0.00003 200 1 20.00000 
0.0000000000 9.93441 7.30573 680.31291 200 201 20.00000 
0.2500000000 238.46281 9.77960 213.94144 200 201 20.00000 
0.5000000000 11.32880 192.99320 93.80754 200 201 20.00000 
0.7500000000 91.80519 67.29320 68.28024 200 201 20.00000 
1.0000000000 259.80784 0.92115 0.00003 200 201 20.00000 
0.0000000000 9.52503 7.00331 686.52268 200 400 20.00000 
0.2500000000 238.46281 9.77960 213.94144 200 400 20.00000 
0.5000000000 11.32880 192.99320 93.80754 200 400 20.00000 
0.7500000000 91.80519 67.29320 68.28024 200 400 20.00000 
1.0000000000 259.80784 0.92115 0.00003 200 400 20.00000 
0.0000000000 7.59206 5.57725 719.40507 200 600 20.00000 
0.2500000000 238.46281 9.77960 213.94144 200 600 20.00000 
0.5000000000 11.32880 192.99320 93.80754 200 600 20.00000 
0.7500000000 91.80519 67.29320 68.28024 200 600 20.00000 
1.0000000000 259.80784 0.92115 0.00003 200 600 20.00000 
